project,language,filename,blank,comment,code
rust-clippy,Markdown,D:\clones\rust-clippy\CHANGELOG.md,579,0.0,3295.0
rust-clippy,Rust,D:\clones\rust-clippy\clippy_utils\src\lib.rs,164,376.0,1658.0
rust-clippy,Rust,D:\clones\rust-clippy\clippy_lints\src\methods\mod.rs,123,1652.0,1236.0
rust-clippy,Rust,D:\clones\rust-clippy\clippy_lints\src\utils\internal_lints.rs,93,253.0,1023.0
rust-clippy,Rust,D:\clones\rust-clippy\clippy_utils\src\hir_utils.rs,68,49.0,881.0
rust-clippy,Rust,D:\clones\rust-clippy\clippy_lints\src\lib.rs,29,73.0,872.0
rust-clippy,Rust,D:\clones\rust-clippy\clippy_utils\src\sugg.rs,107,184.0,794.0
rust-clippy,Rust,D:\clones\rust-clippy\clippy_dev\src\update_lints.rs,95,79.0,788.0
rust-clippy,Rust,D:\clones\rust-clippy\clippy_lints\src\utils\internal_lints\metadata_collector.rs,105,171.0,697.0
rust-clippy,Rust,D:\clones\rust-clippy\clippy_utils\src\ast_utils.rs,54,4.0,637.0
rust-clippy,Rust,D:\clones\rust-clippy\clippy_lints\src\utils\author.rs,51,50.0,634.0
rust-clippy,Rust,D:\clones\rust-clippy\lintcheck\src\main.rs,95,88.0,631.0
rust-clippy,Rust,D:\clones\rust-clippy\clippy_lints\src\doc.rs,63,174.0,612.0
rust-clippy,Rust,D:\clones\rust-clippy\clippy_lints\src\redundant_clone.rs,84,91.0,601.0
rust-clippy,Rust,D:\clones\rust-clippy\clippy_utils\src\consts.rs,32,40.0,587.0
rust-clippy,Rust,D:\clones\rust-clippy\clippy_lints\src\floating_point_arithmetic.rs,44,108.0,583.0
rust-clippy,Rust,D:\clones\rust-clippy\clippy_lints\src\lib.register_lints.rs,1,3.0,578.0
rust-clippy,Markdown,D:\clones\rust-clippy\book\src\development\adding_lints.md,151,0.0,560.0
rust-clippy,Rust,D:\clones\rust-clippy\clippy_lints\src\misc.rs,48,210.0,555.0
rust-clippy,Rust,D:\clones\rust-clippy\clippy_lints\src\entry.rs,28,86.0,544.0
rust-clippy,Rust,D:\clones\rust-clippy\clippy_lints\src\dereference.rs,40,151.0,538.0
rust-clippy,Rust,D:\clones\rust-clippy\clippy_lints\src\ptr.rs,39,112.0,528.0
rust-clippy,Rust,D:\clones\rust-clippy\clippy_utils\src\ty.rs,48,95.0,526.0
rust-clippy,Rust,D:\clones\rust-clippy\clippy_lints\src\suspicious_operation_groupings.rs,64,104.0,525.0
rust-clippy,Rust,D:\clones\rust-clippy\clippy_lints\src\only_used_in_recursion.rs,45,116.0,499.0
rust-clippy,Rust,D:\clones\rust-clippy\tests\ui\use_self.rs,106,26.0,478.0
rust-clippy,Rust,D:\clones\rust-clippy\clippy_lints\src\attrs.rs,51,200.0,477.0
rust-clippy,HTML,D:\clones\rust-clippy\util\gh-pages\index.html,59,12.0,477.0
rust-clippy,Rust,D:\clones\rust-clippy\clippy_lints\src\lifetimes.rs,53,90.0,459.0
rust-clippy,Rust,D:\clones\rust-clippy\clippy_utils\src\macros.rs,39,92.0,452.0
rust-clippy,Rust,D:\clones\rust-clippy\tests\ui\significant_drop_in_scrutinee.rs,86,59.0,449.0
rust-clippy,Rust,D:\clones\rust-clippy\clippy_lints\src\write.rs,49,219.0,441.0
rust-clippy,Rust,D:\clones\rust-clippy\clippy_lints\src\booleans.rs,26,57.0,427.0
rust-clippy,Rust,D:\clones\rust-clippy\clippy_utils\src\visitors.rs,31,38.0,427.0
rust-clippy,Rust,D:\clones\rust-clippy\clippy_lints\src\copies.rs,74,151.0,426.0
rust-clippy,Rust,D:\clones\rust-clippy\clippy_lints\src\ranges.rs,26,156.0,416.0
rust-clippy,Rust,D:\clones\rust-clippy\clippy_lints\src\loops\manual_memcpy.rs,44,25.0,392.0
rust-clippy,Rust,D:\clones\rust-clippy\clippy_utils\src\higher.rs,26,60.0,383.0
rust-clippy,Rust,D:\clones\rust-clippy\tests\compile-test.rs,40,30.0,381.0
rust-clippy,Rust,D:\clones\rust-clippy\clippy_lints\src\len_zero.rs,31,86.0,378.0
rust-clippy,Rust,D:\clones\rust-clippy\clippy_lints\src\matches\match_same_arms.rs,21,26.0,372.0
rust-clippy,Rust,D:\clones\rust-clippy\clippy_lints\src\methods\unnecessary_to_owned.rs,14,45.0,372.0
rust-clippy,Rust,D:\clones\rust-clippy\clippy_lints\src\literal_representation.rs,43,119.0,371.0
rust-clippy,Rust,D:\clones\rust-clippy\clippy_lints\src\matches\mod.rs,44,734.0,365.0
rust-clippy,Rust,D:\clones\rust-clippy\tests\ui\cognitive_complexity.rs,30,4.0,361.0
rust-clippy,Rust,D:\clones\rust-clippy\clippy_lints\src\transmute\transmute_undefined_repr.rs,10,12.0,350.0
rust-clippy,Rust,D:\clones\rust-clippy\clippy_lints\src\loops\needless_collect.rs,20,5.0,344.0
rust-clippy,Rust,D:\clones\rust-clippy\clippy_lints\src\methods\str_splitn.rs,33,13.0,344.0
rust-clippy,Rust,D:\clones\rust-clippy\clippy_lints\src\lib.register_all.rs,1,3.0,343.0
rust-clippy,Rust,D:\clones\rust-clippy\clippy_lints\src\non_expressive_names.rs,32,61.0,336.0
rust-clippy,Rust,D:\clones\rust-clippy\clippy_lints\src\derive.rs,36,160.0,332.0
rust-clippy,Rust,D:\clones\rust-clippy\clippy_lints\src\utils\conf.rs,48,151.0,331.0
rust-clippy,Rust,D:\clones\rust-clippy\clippy_lints\src\loops\needless_range_loop.rs,28,25.0,327.0
rust-clippy,Rust,D:\clones\rust-clippy\clippy_lints\src\matches\redundant_pattern_match.rs,24,32.0,324.0
rust-clippy,JavaScript,D:\clones\rust-clippy\util\gh-pages\script.js,48,14.0,324.0
rust-clippy,Rust,D:\clones\rust-clippy\clippy_utils\src\qualify_min_const_fn.rs,26,22.0,322.0
rust-clippy,Rust,D:\clones\rust-clippy\tests\ui\while_let_on_iterator.rs,57,33.0,320.0
rust-clippy,Rust,D:\clones\rust-clippy\clippy_lints\src\strings.rs,31,165.0,315.0
rust-clippy,Rust,D:\clones\rust-clippy\clippy_lints\src\loops\utils.rs,31,13.0,314.0
rust-clippy,Rust,D:\clones\rust-clippy\clippy_lints\src\implicit_hasher.rs,41,36.0,311.0
rust-clippy,Rust,D:\clones\rust-clippy\clippy_lints\src\needless_bool.rs,25,51.0,309.0
rust-clippy,Rust,D:\clones\rust-clippy\clippy_utils\src\source.rs,41,159.0,308.0
rust-clippy,Rust,D:\clones\rust-clippy\clippy_lints\src\unnested_or_patterns.rs,36,86.0,306.0
rust-clippy,Rust,D:\clones\rust-clippy\clippy_lints\src\loops\while_let_on_iterator.rs,18,31.0,304.0
rust-clippy,Rust,D:\clones\rust-clippy\clippy_dev\src\main.rs,6,1.0,300.0
rust-clippy,Rust,D:\clones\rust-clippy\tests\ui\needless_lifetimes.rs,77,46.0,299.0
rust-clippy,Rust,D:\clones\rust-clippy\clippy_lints\src\needless_late_init.rs,43,51.0,296.0
rust-clippy,Rust,D:\clones\rust-clippy\clippy_lints\src\types\mod.rs,37,241.0,296.0
rust-clippy,Rust,D:\clones\rust-clippy\tests\ui\undocumented_unsafe_blocks.rs,105,97.0,286.0
rust-clippy,Rust,D:\clones\rust-clippy\clippy_lints\src\matches\significant_drop_in_scrutinee.rs,31,30.0,271.0
rust-clippy,Rust,D:\clones\rust-clippy\clippy_lints\src\needless_pass_by_value.rs,35,44.0,268.0
rust-clippy,Rust,D:\clones\rust-clippy\clippy_lints\src\checked_conversions.rs,38,52.0,264.0
rust-clippy,Rust,D:\clones\rust-clippy\clippy_lints\src\eq_op.rs,8,48.0,263.0
rust-clippy,Rust,D:\clones\rust-clippy\clippy_lints\src\matches\manual_map.rs,23,22.0,261.0
rust-clippy,Rust,D:\clones\rust-clippy\src\driver.rs,50,43.0,258.0
rust-clippy,Rust,D:\clones\rust-clippy\clippy_dev\src\new_lint.rs,45,21.0,257.0
rust-clippy,Rust,D:\clones\rust-clippy\tests\ui\unnecessary_to_owned.rs,62,12.0,257.0
rust-clippy,Rust,D:\clones\rust-clippy\tests\ui\new_ret_no_self.rs,64,36.0,252.0
rust-clippy,Rust,D:\clones\rust-clippy\clippy_lints\src\undocumented_unsafe_blocks.rs,17,77.0,250.0
rust-clippy,Rust,D:\clones\rust-clippy\clippy_lints\src\non_copy_const.rs,28,163.0,249.0
rust-clippy,Rust,D:\clones\rust-clippy\clippy_lints\src\bit_mask.rs,14,73.0,248.0
rust-clippy,Rust,D:\clones\rust-clippy\tests\ui\recursive_format_impl.rs,62,14.0,246.0
rust-clippy,Rust,D:\clones\rust-clippy\clippy_lints\src\unwrap.rs,20,65.0,244.0
rust-clippy,Rust,D:\clones\rust-clippy\tests\ui\for_loop_fixable.rs,55,11.0,243.0
rust-clippy,Rust,D:\clones\rust-clippy\clippy_lints\src\loops\mod.rs,32,453.0,242.0
rust-clippy,Rust,D:\clones\rust-clippy\clippy_lints\src\needless_continue.rs,34,204.0,241.0
rust-clippy,Rust,D:\clones\rust-clippy\clippy_lints\src\nonstandard_macro_braces.rs,22,21.0,239.0
rust-clippy,Rust,D:\clones\rust-clippy\clippy_lints\src\functions\must_use.rs,19,3.0,237.0
rust-clippy,Rust,D:\clones\rust-clippy\clippy_lints\src\returns.rs,16,50.0,237.0
rust-clippy,Rust,D:\clones\rust-clippy\clippy_lints\src\use_self.rs,24,63.0,233.0
rust-clippy,Rust,D:\clones\rust-clippy\tests\ui\cast.rs,21,8.0,233.0
rust-clippy,Rust,D:\clones\rust-clippy\tests\ui\eta.rs,48,14.0,231.0
rust-clippy,Markdown,D:\clones\rust-clippy\book\src\development\common_tools_writing_lints.md,51,0.0,228.0
rust-clippy,Rust,D:\clones\rust-clippy\clippy_lints\src\matches\single_match.rs,16,25.0,228.0
rust-clippy,Rust,D:\clones\rust-clippy\clippy_lints\src\no_effect.rs,9,43.0,224.0
rust-clippy,Rust,D:\clones\rust-clippy\tests\ui\needless_late_init.rs,39,11.0,223.0
rust-clippy,Rust,D:\clones\rust-clippy\clippy_utils\src\str_utils.rs,31,74.0,220.0
rust-clippy,Rust,D:\clones\rust-clippy\clippy_lints\src\formatting.rs,24,98.0,219.0
rust-clippy,Rust,D:\clones\rust-clippy\tests\ui\collapsible_match.rs,24,22.0,219.0
rust-clippy,Rust,D:\clones\rust-clippy\clippy_lints\src\default.rs,17,77.0,213.0
rust-clippy,Rust,D:\clones\rust-clippy\clippy_lints\src\mixed_read_write_in_expression.rs,22,115.0,213.0
rust-clippy,Rust,D:\clones\rust-clippy\tests\ui\len_without_is_empty.rs,59,16.0,210.0
rust-clippy,Rust,D:\clones\rust-clippy\clippy_lints\src\trait_bounds.rs,15,39.0,208.0
rust-clippy,Rust,D:\clones\rust-clippy\clippy_lints\src\slow_vector_initialization.rs,47,55.0,207.0
rust-clippy,Rust,D:\clones\rust-clippy\clippy_lints\src\unnecessary_sort_by.rs,12,42.0,204.0
rust-clippy,YAML,D:\clones\rust-clippy\.github\workflows\clippy_bors.yml,41,19.0,202.0
rust-clippy,Rust,D:\clones\rust-clippy\clippy_lints\src\enum_variants.rs,20,79.0,202.0
rust-clippy,Rust,D:\clones\rust-clippy\clippy_lints\src\index_refutable_slice.rs,32,41.0,202.0
rust-clippy,Rust,D:\clones\rust-clippy\tests\ui\needless_match.rs,29,15.0,202.0
rust-clippy,Rust,D:\clones\rust-clippy\clippy_lints\src\manual_strip.rs,21,32.0,199.0
rust-clippy,Rust,D:\clones\rust-clippy\clippy_lints\src\infinite_iter.rs,17,46.0,197.0
rust-clippy,Rust,D:\clones\rust-clippy\clippy_utils\src\numeric_literal.rs,36,16.0,196.0
rust-clippy,Rust,D:\clones\rust-clippy\clippy_lints\src\casts\mod.rs,29,364.0,195.0
rust-clippy,Markdown,D:\clones\rust-clippy\CONTRIBUTING.md,56,0.0,193.0
rust-clippy,Rust,D:\clones\rust-clippy\tests\ui\needless_return.rs,34,5.0,193.0
rust-clippy,Rust,D:\clones\rust-clippy\clippy_lints\src\swap.rs,18,48.0,192.0
rust-clippy,Rust,D:\clones\rust-clippy\clippy_dev\src\fmt.rs,31,4.0,191.0
rust-clippy,Rust,D:\clones\rust-clippy\clippy_lints\src\matches\match_single_binding.rs,18,8.0,190.0
rust-clippy,Rust,D:\clones\rust-clippy\tests\ui\derivable_impls.rs,43,10.0,190.0
rust-clippy,Rust,D:\clones\rust-clippy\clippy_lints\src\implicit_return.rs,17,37.0,189.0
rust-clippy,Rust,D:\clones\rust-clippy\clippy_lints\src\loops\never_loop.rs,14,9.0,189.0
rust-clippy,Rust,D:\clones\rust-clippy\clippy_lints\src\unit_types\unit_arg.rs,13,5.0,189.0
rust-clippy,Rust,D:\clones\rust-clippy\tests\ui\comparison_chain.rs,32,13.0,189.0
rust-clippy,Rust,D:\clones\rust-clippy\tests\ui\match_same_arms2.rs,29,12.0,189.0
rust-clippy,Rust,D:\clones\rust-clippy\clippy_utils\src\eager_or_lazy.rs,16,30.0,188.0
rust-clippy,Rust,D:\clones\rust-clippy\tests\ui\wildcard_imports.rs,51,7.0,188.0
rust-clippy,Rust,D:\clones\rust-clippy\clippy_lints\src\default_numeric_fallback.rs,23,35.0,187.0
rust-clippy,Rust,D:\clones\rust-clippy\clippy_lints\src\vec_init_then_push.rs,13,26.0,186.0
rust-clippy,Rust,D:\clones\rust-clippy\tests\ui\search_is_some_fixable_none.rs,28,9.0,185.0
rust-clippy,Rust,D:\clones\rust-clippy\tests\ui\search_is_some_fixable_some.rs,27,9.0,185.0
rust-clippy,Rust,D:\clones\rust-clippy\tests\ui\single_match.rs,39,21.0,185.0
rust-clippy,Rust,D:\clones\rust-clippy\clippy_lints\src\pass_by_ref_or_value.rs,22,78.0,183.0
rust-clippy,Rust,D:\clones\rust-clippy\clippy_utils\src\usage.rs,20,14.0,182.0
rust-clippy,Rust,D:\clones\rust-clippy\clippy_lints\src\non_send_fields_in_send_ty.rs,20,50.0,181.0
rust-clippy,Rust,D:\clones\rust-clippy\clippy_lints\src\macro_use.rs,14,20.0,180.0
rust-clippy,Rust,D:\clones\rust-clippy\tests\ui\manual_map_option.rs,35,8.0,180.0
rust-clippy,Rust,D:\clones\rust-clippy\clippy_lints\src\matches\match_wild_enum.rs,11,7.0,178.0
rust-clippy,Rust,D:\clones\rust-clippy\clippy_lints\src\mem_replace.rs,13,74.0,177.0
rust-clippy,Rust,D:\clones\rust-clippy\clippy_utils\src\paths.rs,1,8.0,177.0
rust-clippy,Rust,D:\clones\rust-clippy\tests\ui\infinite_loop.rs,37,3.0,177.0
rust-clippy,Rust,D:\clones\rust-clippy\tests\ui\never_loop.rs,17,11.0,176.0
rust-clippy,Rust,D:\clones\rust-clippy\tests\ui\or_fun_call.rs,47,6.0,176.0
rust-clippy,Rust,D:\clones\rust-clippy\clippy_lints\src\methods\filter_map.rs,12,9.0,175.0
rust-clippy,Rust,D:\clones\rust-clippy\tests\ui\option_if_let_else.rs,21,14.0,175.0
rust-clippy,Markdown,D:\clones\rust-clippy\README.md,73,0.0,174.0
rust-clippy,Rust,D:\clones\rust-clippy\tests\ui\min_rust_version_attr.rs,35,4.0,174.0
rust-clippy,Rust,D:\clones\rust-clippy\clippy_lints\src\eta_reduction.rs,12,48.0,173.0
rust-clippy,Rust,D:\clones\rust-clippy\tests\ui\manual_unwrap_or.rs,26,24.0,173.0
rust-clippy,Rust,D:\clones\rust-clippy\clippy_lints\src\methods\bind_instead_of_map.rs,16,2.0,172.0
rust-clippy,Rust,D:\clones\rust-clippy\tests\ui\field_reassign_with_default.rs,45,32.0,172.0
rust-clippy,Rust,D:\clones\rust-clippy\tests\ui\redundant_clone.rs,51,13.0,172.0
rust-clippy,Rust,D:\clones\rust-clippy\clippy_lints\src\open_options.rs,12,19.0,171.0
rust-clippy,Rust,D:\clones\rust-clippy\clippy_dev\src\setup\intellij.rs,31,22.0,170.0
rust-clippy,Rust,D:\clones\rust-clippy\clippy_lints\src\assign_ops.rs,12,53.0,170.0
rust-clippy,Markdown,D:\clones\rust-clippy\book\src\development\proposals\roadmap-2021.md,68,0.0,167.0
rust-clippy,Rust,D:\clones\rust-clippy\clippy_lints\src\methods\or_fun_call.rs,18,7.0,167.0
rust-clippy,Rust,D:\clones\rust-clippy\clippy_lints\src\regex.rs,12,30.0,166.0
rust-clippy,Rust,D:\clones\rust-clippy\clippy_lints\src\loops\same_item_push.rs,11,19.0,165.0
rust-clippy,Rust,D:\clones\rust-clippy\clippy_lints\src\manual_async_fn.rs,15,22.0,165.0
rust-clippy,Rust,D:\clones\rust-clippy\clippy_utils\src\diagnostics.rs,15,150.0,165.0
rust-clippy,Rust,D:\clones\rust-clippy\tests\ui\new_without_default.rs,44,5.0,165.0
rust-clippy,Rust,D:\clones\rust-clippy\clippy_lints\src\map_unit_fn.rs,19,89.0,164.0
rust-clippy,Rust,D:\clones\rust-clippy\tests\ui\branches_sharing_code\shared_at_bottom.rs,39,20.0,164.0
rust-clippy,Rust,D:\clones\rust-clippy\tests\ui\needless_bool\fixable.rs,20,2.0,164.0
rust-clippy,Rust,D:\clones\rust-clippy\clippy_lints\src\manual_non_exhaustive.rs,16,41.0,163.0
rust-clippy,Rust,D:\clones\rust-clippy\tests\ui\question_mark.rs,42,6.0,163.0
rust-clippy,Rust,D:\clones\rust-clippy\tests\ui\wrong_self_convention.rs,28,15.0,163.0
rust-clippy,Rust,D:\clones\rust-clippy\clippy_lints\src\shadow.rs,18,74.0,162.0
rust-clippy,Rust,D:\clones\rust-clippy\clippy_lints\src\matches\needless_match.rs,15,31.0,161.0
rust-clippy,Rust,D:\clones\rust-clippy\clippy_lints\src\misc_early\mod.rs,21,236.0,159.0
rust-clippy,Rust,D:\clones\rust-clippy\clippy_lints\src\matches\match_like_matches.rs,7,6.0,158.0
rust-clippy,Rust,D:\clones\rust-clippy\clippy_lints\src\useless_conversion.rs,14,17.0,158.0
rust-clippy,Rust,D:\clones\rust-clippy\tests\ui\match_expr_like_matches_macro.rs,21,20.0,158.0
rust-clippy,Rust,D:\clones\rust-clippy\clippy_lints\src\matches\overlapping_arms.rs,21,1.0,157.0
rust-clippy,Rust,D:\clones\rust-clippy\tests\ui\borrow_interior_mutable_const\traits.rs,40,5.0,157.0
rust-clippy,Rust,D:\clones\rust-clippy\clippy_lints\src\transmute\mod.rs,21,272.0,156.0
rust-clippy,Rust,D:\clones\rust-clippy\clippy_lints\src\uninit_vec.rs,13,56.0,155.0
rust-clippy,Rust,D:\clones\rust-clippy\src\main.rs,36,3.0,155.0
rust-clippy,Rust,D:\clones\rust-clippy\clippy_lints\src\format_impl.rs,19,80.0,154.0
rust-clippy,Rust,D:\clones\rust-clippy\clippy_lints\src\unit_return_expecting_ord.rs,7,24.0,153.0
rust-clippy,Rust,D:\clones\rust-clippy\clippy_lints\src\format_args.rs,9,38.0,152.0
rust-clippy,Rust,D:\clones\rust-clippy\clippy_lints\src\missing_doc.rs,24,22.0,152.0
rust-clippy,Rust,D:\clones\rust-clippy\tests\ui\explicit_counter_loop.rs,25,13.0,152.0
rust-clippy,Rust,D:\clones\rust-clippy\tests\ui\ptr_arg.rs,38,13.0,152.0
rust-clippy,Rust,D:\clones\rust-clippy\clippy_lints\src\casts\cast_possible_truncation.rs,15,3.0,151.0
rust-clippy,Rust,D:\clones\rust-clippy\clippy_lints\src\methods\expect_fun_call.rs,13,9.0,151.0
rust-clippy,Rust,D:\clones\rust-clippy\tests\ui\bool_comparison.rs,12,4.0,151.0
rust-clippy,Rust,D:\clones\rust-clippy\clippy_lints\src\loops\mut_range_bound.rs,17,0.0,150.0
rust-clippy,Rust,D:\clones\rust-clippy\tests\ui\trailing_empty_array.rs,32,3.0,150.0
rust-clippy,Rust,D:\clones\rust-clippy\clippy_lints\src\escape.rs,21,34.0,149.0
rust-clippy,Rust,D:\clones\rust-clippy\tests\ui\await_holding_lock.rs,37,6.0,149.0
rust-clippy,Rust,D:\clones\rust-clippy\tests\ui\match_str_case_mismatch.rs,35,3.0,148.0
rust-clippy,Rust,D:\clones\rust-clippy\clippy_lints\src\methods\search_is_some.rs,2,9.0,145.0
rust-clippy,Rust,D:\clones\rust-clippy\clippy_lints\src\methods\utils.rs,12,11.0,145.0
rust-clippy,Rust,D:\clones\rust-clippy\clippy_lints\src\large_enum_variant.rs,14,42.0,144.0
rust-clippy,Markdown,D:\clones\rust-clippy\book\src\development\basics.md,45,0.0,143.0
rust-clippy,Rust,D:\clones\rust-clippy\clippy_utils\src\attrs.rs,10,6.0,143.0
rust-clippy,Rust,D:\clones\rust-clippy\tests\ui\escape_analysis.rs,38,23.0,143.0
rust-clippy,Rust,D:\clones\rust-clippy\clippy_lints\src\methods\wrong_self_convention.rs,10,4.0,140.0
rust-clippy,Rust,D:\clones\rust-clippy\clippy_lints\src\await_holding_invalid.rs,14,136.0,139.0
rust-clippy,Rust,D:\clones\rust-clippy\clippy_lints\src\methods\manual_saturating_arithmetic.rs,21,4.0,139.0
rust-clippy,Rust,D:\clones\rust-clippy\rustc_tools_util\src\lib.rs,18,5.0,139.0
rust-clippy,Rust,D:\clones\rust-clippy\tests\ui\suspicious_operation_groupings.rs,38,33.0,138.0
rust-clippy,Rust,D:\clones\rust-clippy\tests\ui\swap.rs,32,11.0,138.0
rust-clippy,Rust,D:\clones\rust-clippy\clippy_lints\src\cognitive_complexity.rs,17,15.0,135.0
rust-clippy,Rust,D:\clones\rust-clippy\clippy_lints\src\tabs_in_doc_comments.rs,35,61.0,134.0
rust-clippy,Rust,D:\clones\rust-clippy\tests\ui\functions_maxlines.rs,3,26.0,134.0
rust-clippy,Rust,D:\clones\rust-clippy\tests\ui\let_and_return.rs,31,4.0,134.0
rust-clippy,Rust,D:\clones\rust-clippy\clippy_lints\src\invalid_upcast_comparisons.rs,9,19.0,133.0
rust-clippy,Rust,D:\clones\rust-clippy\tests\ui\if_same_then_else2.rs,19,8.0,133.0
rust-clippy,Rust,D:\clones\rust-clippy\clippy_lints\src\map_clone.rs,12,23.0,132.0
rust-clippy,Rust,D:\clones\rust-clippy\clippy_lints\src\precedence.rs,12,17.0,132.0
rust-clippy,Rust,D:\clones\rust-clippy\tests\ui\suspicious_arithmetic_impl.rs,37,2.0,131.0
rust-clippy,Rust,D:\clones\rust-clippy\clippy_lints\src\vec.rs,11,23.0,130.0
rust-clippy,Rust,D:\clones\rust-clippy\tests\ui\if_same_then_else.rs,21,7.0,130.0
rust-clippy,Rust,D:\clones\rust-clippy\tests\ui\implicit_saturating_sub.rs,49,35.0,130.0
rust-clippy,Rust,D:\clones\rust-clippy\clippy_lints\src\identity_op.rs,14,26.0,129.0
rust-clippy,Rust,D:\clones\rust-clippy\tests\ui\redundant_else.rs,4,21.0,129.0
rust-clippy,Rust,D:\clones\rust-clippy\clippy_lints\src\implicit_saturating_sub.rs,14,34.0,128.0
rust-clippy,Rust,D:\clones\rust-clippy\clippy_lints\src\new_without_default.rs,7,40.0,128.0
rust-clippy,Rust,D:\clones\rust-clippy\clippy_lints\src\redundant_closure_call.rs,11,18.0,128.0
rust-clippy,Rust,D:\clones\rust-clippy\clippy_lints\src\same_name_method.rs,9,29.0,128.0
rust-clippy,Rust,D:\clones\rust-clippy\clippy_lints\src\unused_io_amount.rs,10,33.0,127.0
rust-clippy,Rust,D:\clones\rust-clippy\tests\ui\no_effect.rs,16,1.0,127.0
rust-clippy,Rust,D:\clones\rust-clippy\clippy_lints\src\modulo_arithmetic.rs,9,15.0,126.0
rust-clippy,Rust,D:\clones\rust-clippy\clippy_lints\src\wildcard_imports.rs,14,82.0,126.0
rust-clippy,Rust,D:\clones\rust-clippy\tests\ui\collapsible_if.rs,25,13.0,126.0
rust-clippy,Rust,D:\clones\rust-clippy\tests\ui\enum_variants.rs,27,8.0,126.0
rust-clippy,Rust,D:\clones\rust-clippy\tests\ui\try_err.rs,25,20.0,125.0
rust-clippy,Rust,D:\clones\rust-clippy\tests\ui\unnecessary_iter_cloned.rs,13,4.0,125.0
rust-clippy,Rust,D:\clones\rust-clippy\clippy_lints\src\absurd_extreme_comparisons.rs,23,28.0,124.0
rust-clippy,Rust,D:\clones\rust-clippy\clippy_lints\src\matches\collapsible_match.rs,7,12.0,124.0
rust-clippy,Rust,D:\clones\rust-clippy\clippy_lints\src\numeric_arithmetic.rs,13,33.0,124.0
rust-clippy,Rust,D:\clones\rust-clippy\clippy_lints\src\option_if_let_else.rs,8,54.0,124.0
rust-clippy,Rust,D:\clones\rust-clippy\clippy_lints\src\unnecessary_wraps.rs,10,43.0,124.0
rust-clippy,Rust,D:\clones\rust-clippy\clippy_lints\src\float_literal.rs,11,47.0,123.0
rust-clippy,Rust,D:\clones\rust-clippy\clippy_lints\src\int_plus_one.rs,10,38.0,123.0
rust-clippy,Rust,D:\clones\rust-clippy\clippy_lints\src\question_mark.rs,18,33.0,122.0
rust-clippy,Rust,D:\clones\rust-clippy\tests\ui\index_refutable_slice\if_let_slice_binding.rs,24,20.0,122.0
rust-clippy,Rust,D:\clones\rust-clippy\tests\ui\needless_continue.rs,18,4.0,122.0
rust-clippy,Rust,D:\clones\rust-clippy\tests\ui\same_item_push.rs,25,11.0,122.0
rust-clippy,Rust,D:\clones\rust-clippy\clippy_lints\src\blocks_in_if_conditions.rs,7,27.0,121.0
rust-clippy,Rust,D:\clones\rust-clippy\clippy_lints\src\lib.register_style.rs,1,3.0,121.0
rust-clippy,Rust,D:\clones\rust-clippy\clippy_lints\src\methods\clone_on_copy.rs,7,4.0,121.0
rust-clippy,Rust,D:\clones\rust-clippy\clippy_lints\src\pattern_type_mismatch.rs,9,64.0,121.0
rust-clippy,Rust,D:\clones\rust-clippy\clippy_lints\src\single_component_path_imports.rs,13,41.0,121.0
rust-clippy,Rust,D:\clones\rust-clippy\clippy_lints\src\matches\try_err.rs,12,13.0,120.0
rust-clippy,Rust,D:\clones\rust-clippy\tests\ui\transmute.rs,39,3.0,120.0
rust-clippy,Rust,D:\clones\rust-clippy\tests\ui\unnecessary_filter_map.rs,22,8.0,120.0
rust-clippy,Rust,D:\clones\rust-clippy\clippy_lints\src\indexing_slicing.rs,16,70.0,119.0
rust-clippy,Rust,D:\clones\rust-clippy\tests\ui\entry.rs,22,17.0,119.0
rust-clippy,Rust,D:\clones\rust-clippy\clippy_lints\src\methods\unnecessary_filter_map.rs,10,4.0,118.0
rust-clippy,Rust,D:\clones\rust-clippy\clippy_lints\src\unused_unit.rs,10,20.0,118.0
rust-clippy,Rust,D:\clones\rust-clippy\clippy_lints\src\drop_forget_ref.rs,10,116.0,117.0
rust-clippy,Rust,D:\clones\rust-clippy\tests\ui\match_on_vec_items.rs,22,14.0,116.0
rust-clippy,Rust,D:\clones\rust-clippy\tests\ui\default_numeric_fallback_i32.rs,38,29.0,115.0
rust-clippy,Rust,D:\clones\rust-clippy\tests\ui\useless_asref.rs,19,1.0,115.0
rust-clippy,Rust,D:\clones\rust-clippy\clippy_lints\src\casts\cast_slice_different_sizes.rs,12,17.0,114.0
rust-clippy,Rust,D:\clones\rust-clippy\clippy_lints\src\casts\unnecessary_cast.rs,9,3.0,114.0
rust-clippy,Rust,D:\clones\rust-clippy\tests\ui\unused_self.rs,23,3.0,114.0
rust-clippy,Rust,D:\clones\rust-clippy\clippy_lints\src\size_of_in_element_count.rs,12,29.0,113.0
rust-clippy,Rust,D:\clones\rust-clippy\lintcheck\src\config.rs,9,18.0,113.0
rust-clippy,Rust,D:\clones\rust-clippy\tests\ui\len_zero.rs,21,9.0,113.0
rust-clippy,Rust,D:\clones\rust-clippy\tests\ui\match_single_binding.rs,10,19.0,113.0
rust-clippy,Rust,D:\clones\rust-clippy\tests\ui\match_wildcard_for_single_variants.rs,15,7.0,112.0
rust-clippy,Rust,D:\clones\rust-clippy\tests\ui\needless_pass_by_value.rs,33,15.0,112.0
rust-clippy,Rust,D:\clones\rust-clippy\tests\ui\unit_arg.rs,18,3.0,112.0
rust-clippy,Rust,D:\clones\rust-clippy\clippy_lints\src\manual_bits.rs,16,19.0,111.0
rust-clippy,Rust,D:\clones\rust-clippy\clippy_lints\src\methods\option_map_unwrap_or.rs,20,8.0,111.0
rust-clippy,Rust,D:\clones\rust-clippy\tests\ui\auxiliary\macro_rules.rs,16,2.0,111.0
rust-clippy,Rust,D:\clones\rust-clippy\tests\ui\default_numeric_fallback_f64.rs,37,29.0,111.0
rust-clippy,Rust,D:\clones\rust-clippy\clippy_lints\src\collapsible_if.rs,12,73.0,110.0
rust-clippy,Rust,D:\clones\rust-clippy\clippy_lints\src\let_if_seq.rs,9,41.0,110.0
rust-clippy,Rust,D:\clones\rust-clippy\clippy_lints\src\methods\option_as_ref_deref.rs,9,1.0,110.0
rust-clippy,Rust,D:\clones\rust-clippy\clippy_lints\src\redundant_slicing.rs,11,48.0,110.0
rust-clippy,Rust,D:\clones\rust-clippy\tests\ui\needless_borrow_pat.rs,22,18.0,110.0
rust-clippy,Rust,D:\clones\rust-clippy\clippy_lints\src\loops\while_immutable_condition.rs,13,6.0,109.0
rust-clippy,Rust,D:\clones\rust-clippy\clippy_lints\src\matches\match_str_case_mismatch.rs,16,0.0,109.0
rust-clippy,Rust,D:\clones\rust-clippy\clippy_lints\src\format.rs,6,24.0,108.0
rust-clippy,Rust,D:\clones\rust-clippy\clippy_lints\src\functions\not_unsafe_ptr_arg_deref.rs,15,0.0,107.0
rust-clippy,Rust,D:\clones\rust-clippy\clippy_lints\src\types\redundant_allocation.rs,5,3.0,107.0
rust-clippy,Rust,D:\clones\rust-clippy\tests\ui\branches_sharing_code\valid_if_blocks.rs,28,20.0,107.0
rust-clippy,Rust,D:\clones\rust-clippy\tests\ui\implicit_return.rs,20,3.0,107.0
rust-clippy,Rust,D:\clones\rust-clippy\tests\ui\match_overlapping_arm.rs,22,6.0,107.0
rust-clippy,Rust,D:\clones\rust-clippy\clippy_lints\src\excessive_bools.rs,10,60.0,106.0
rust-clippy,Rust,D:\clones\rust-clippy\tests\ui\large_enum_variant.rs,28,1.0,106.0
rust-clippy,Rust,D:\clones\rust-clippy\tests\ui\manual_split_once.rs,35,6.0,106.0
rust-clippy,Markdown,D:\clones\rust-clippy\book\src\usage.md,46,0.0,105.0
rust-clippy,Rust,D:\clones\rust-clippy\clippy_lints\src\missing_inline.rs,13,52.0,105.0
rust-clippy,Rust,D:\clones\rust-clippy\clippy_lints\src\unit_types\let_unit_value.rs,5,0.0,105.0
rust-clippy,Rust,D:\clones\rust-clippy\tests\ui\methods.rs,25,9.0,105.0
rust-clippy,Rust,D:\clones\rust-clippy\tests\ui\unnecessary_wraps.rs,21,19.0,104.0
rust-clippy,Rust,D:\clones\rust-clippy\clippy_lints\src\functions\mod.rs,15,158.0,103.0
rust-clippy,Rust,D:\clones\rust-clippy\clippy_lints\src\if_let_mutex.rs,10,27.0,103.0
rust-clippy,Rust,D:\clones\rust-clippy\clippy_lints\src\ptr_offset_with_cast.rs,13,37.0,103.0
rust-clippy,Rust,D:\clones\rust-clippy\tests\ui\declare_interior_mutable_const\traits.rs,27,20.0,103.0
rust-clippy,Rust,D:\clones\rust-clippy\tests\ui\redundant_allocation.rs,30,2.0,103.0
rust-clippy,Rust,D:\clones\rust-clippy\tests\ui\transmute_undefined_repr.rs,40,1.0,103.0
rust-clippy,Markdown,D:\clones\rust-clippy\book\src\development\infrastructure\release.md,40,0.0,102.0
rust-clippy,Rust,D:\clones\rust-clippy\clippy_lints\src\methods\option_map_or_none.rs,10,11.0,102.0
rust-clippy,Rust,D:\clones\rust-clippy\clippy_lints\src\types\rc_buffer.rs,4,0.0,102.0
rust-clippy,Rust,D:\clones\rust-clippy\clippy_lints\src\missing_const_for_fn.rs,15,58.0,101.0
rust-clippy,Rust,D:\clones\rust-clippy\clippy_lints\src\needless_for_each.rs,16,43.0,101.0
rust-clippy,Rust,D:\clones\rust-clippy\tests\ui\pattern_type_mismatch\syntax.rs,27,18.0,101.0
rust-clippy,Rust,D:\clones\rust-clippy\clippy_lints\src\casts\cast_lossless.rs,9,3.0,100.0
rust-clippy,Rust,D:\clones\rust-clippy\clippy_lints\src\module_style.rs,14,52.0,100.0
rust-clippy,Rust,D:\clones\rust-clippy\tests\ui\bool_assert_comparison.rs,17,5.0,100.0
rust-clippy,Rust,D:\clones\rust-clippy\tests\ui\debug_assert_with_mut_call.rs,27,6.0,100.0
rust-clippy,Rust,D:\clones\rust-clippy\tests\ui\while_let_loop.rs,14,5.0,100.0
rust-clippy,Markdown,D:\clones\rust-clippy\book\src\development\infrastructure\sync.md,24,0.0,99.0
rust-clippy,Rust,D:\clones\rust-clippy\clippy_lints\src\explicit_write.rs,9,34.0,99.0
rust-clippy,Rust,D:\clones\rust-clippy\clippy_lints\src\lib.register_complexity.rs,1,3.0,99.0
rust-clippy,Rust,D:\clones\rust-clippy\tests\ui\let_if_seq.rs,19,5.0,98.0
rust-clippy,Rust,D:\clones\rust-clippy\tests\ui\match_ref_pats.rs,13,7.0,98.0
rust-clippy,Rust,D:\clones\rust-clippy\tests\ui\needless_collect_indirect.rs,11,5.0,98.0
rust-clippy,Rust,D:\clones\rust-clippy\tests\ui\needless_question_mark.rs,24,18.0,98.0
rust-clippy,Rust,D:\clones\rust-clippy\tests\ui\trivially_copy_pass_by_ref.rs,29,3.0,98.0
rust-clippy,Rust,D:\clones\rust-clippy\clippy_lints\src\minmax.rs,6,19.0,97.0
rust-clippy,Rust,D:\clones\rust-clippy\clippy_lints\src\octal_escapes.rs,12,42.0,97.0
rust-clippy,Rust,D:\clones\rust-clippy\clippy_lints\src\rc_clone_in_vec_init.rs,12,30.0,97.0
rust-clippy,Rust,D:\clones\rust-clippy\clippy_lints\src\lib.register_pedantic.rs,1,3.0,96.0
rust-clippy,Rust,D:\clones\rust-clippy\clippy_lints\src\mut_key.rs,9,70.0,96.0
rust-clippy,Rust,D:\clones\rust-clippy\tests\ui\needless_for_each_fixable.rs,14,8.0,96.0
rust-clippy,Rust,D:\clones\rust-clippy\tests\ui\semicolon_if_nothing_returned.rs,22,4.0,96.0
rust-clippy,Rust,D:\clones\rust-clippy\tests\ui\similar_names.rs,21,4.0,96.0
rust-clippy,Rust,D:\clones\rust-clippy\clippy_lints\src\disallowed_types.rs,11,34.0,95.0
rust-clippy,Rust,D:\clones\rust-clippy\clippy_lints\src\loops\single_element_loop.rs,3,3.0,95.0
rust-clippy,Rust,D:\clones\rust-clippy\clippy_lints\src\cargo\mod.rs,11,116.0,94.0
rust-clippy,Rust,D:\clones\rust-clippy\clippy_lints\src\let_underscore.rs,8,68.0,94.0
rust-clippy,Rust,D:\clones\rust-clippy\clippy_lints\src\types\borrowed_box.rs,8,13.0,94.0
rust-clippy,Rust,D:\clones\rust-clippy\clippy_lints\src\unicode.rs,7,41.0,94.0
rust-clippy,Rust,D:\clones\rust-clippy\tests\ui\identity_op.rs,23,2.0,94.0
rust-clippy,Rust,D:\clones\rust-clippy\tests\ui\manual_async_fn.rs,24,12.0,94.0
rust-clippy,Rust,D:\clones\rust-clippy\clippy_lints\src\approx_const.rs,10,29.0,93.0
rust-clippy,Rust,D:\clones\rust-clippy\tests\ui\branches_sharing_code\shared_at_top_and_bottom.rs,22,4.0,93.0
rust-clippy,Rust,D:\clones\rust-clippy\tests\ui\redundant_pattern_matching_result.rs,30,5.0,93.0
rust-clippy,Rust,D:\clones\rust-clippy\tests\ui\wildcard_enum_match_arm.rs,7,4.0,93.0
rust-clippy,Rust,D:\clones\rust-clippy\clippy_lints\src\inherent_impl.rs,9,38.0,92.0
rust-clippy,Rust,D:\clones\rust-clippy\clippy_lints\src\methods\manual_str_repeat.rs,7,0.0,92.0
rust-clippy,Rust,D:\clones\rust-clippy\tests\ui\manual_memcpy\without_loop_counters.rs,27,17.0,92.0
rust-clippy,Rust,D:\clones\rust-clippy\tests\ui\mixed_read_write_in_expression.rs,7,13.0,92.0
rust-clippy,Rust,D:\clones\rust-clippy\tests\ui\only_used_in_recursion.rs,27,3.0,92.0
rust-clippy,Rust,D:\clones\rust-clippy\tests\ui\redundant_pub_crate.rs,20,5.0,92.0
rust-clippy,Rust,D:\clones\rust-clippy\tests\ui\unnecessary_lazy_eval.rs,21,17.0,92.0
rust-clippy,Rust,D:\clones\rust-clippy\tests\ui\unused_io_amount.rs,19,6.0,92.0
rust-clippy,Rust,D:\clones\rust-clippy\tests\ui\expect_tool_lint_rfc_2383.rs,27,24.0,91.0
rust-clippy,Rust,D:\clones\rust-clippy\tests\ui\format_args.rs,19,7.0,91.0
rust-clippy,Rust,D:\clones\rust-clippy\tests\ui\implicit_clone.rs,18,9.0,91.0
rust-clippy,Rust,D:\clones\rust-clippy\tests\ui\same_name_method.rs,36,0.0,91.0
rust-clippy,Rust,D:\clones\rust-clippy\clippy_lints\src\mutable_debug_assertion.rs,9,21.0,90.0
rust-clippy,Rust,D:\clones\rust-clippy\clippy_lints\src\redundant_else.rs,10,38.0,90.0
rust-clippy,Rust,D:\clones\rust-clippy\tests\ui\branches_sharing_code\shared_at_top.rs,16,8.0,90.0
rust-clippy,Rust,D:\clones\rust-clippy\tests\ui\derive_partial_eq_without_eq.rs,27,9.0,90.0
rust-clippy,Rust,D:\clones\rust-clippy\clippy_lints\src\casts\cast_ptr_alignment.rs,4,3.0,89.0
rust-clippy,Rust,D:\clones\rust-clippy\clippy_lints\src\unnamed_address.rs,9,34.0,89.0
rust-clippy,Rust,D:\clones\rust-clippy\tests\ui\vec_init_then_push.rs,14,3.0,89.0
rust-clippy,Rust,D:\clones\rust-clippy\clippy_lints\src\deprecated_lints.rs,18,106.0,88.0
rust-clippy,Rust,D:\clones\rust-clippy\clippy_lints\src\stable_sort_primitive.rs,7,50.0,88.0
rust-clippy,Rust,D:\clones\rust-clippy\tests\ui\collapsible_else_if.rs,10,2.0,88.0
rust-clippy,Rust,D:\clones\rust-clippy\tests\ui\extra_unused_lifetimes.rs,24,5.0,88.0
rust-clippy,Rust,D:\clones\rust-clippy\tests\ui\float_cmp.rs,25,2.0,88.0
rust-clippy,Rust,D:\clones\rust-clippy\tests\ui\functions.rs,20,4.0,88.0
rust-clippy,Rust,D:\clones\rust-clippy\clippy_lints\src\methods\unnecessary_iter_cloned.rs,7,10.0,87.0
rust-clippy,Rust,D:\clones\rust-clippy\tests\ui\doc_unsafe.rs,27,20.0,87.0
rust-clippy,Rust,D:\clones\rust-clippy\tests\ui\let_unit.rs,21,7.0,87.0
rust-clippy,Rust,D:\clones\rust-clippy\clippy_lints\src\upper_case_acronyms.rs,8,33.0,86.0
rust-clippy,Rust,D:\clones\rust-clippy\tests\ui\if_then_some_else_none.rs,18,11.0,86.0
rust-clippy,Rust,D:\clones\rust-clippy\tests\ui\needless_range_loop2.rs,22,1.0,86.0
rust-clippy,Rust,D:\clones\rust-clippy\tests\ui\non_send_fields_in_send_ty.rs,32,15.0,86.0
rust-clippy,Rust,D:\clones\rust-clippy\tests\ui\shadow.rs,11,1.0,86.0
rust-clippy,Rust,D:\clones\rust-clippy\tests\ui\unnecessary_clone.rs,23,1.0,86.0
rust-clippy,Rust,D:\clones\rust-clippy\clippy_lints\src\cargo\feature_name.rs,7,0.0,85.0
rust-clippy,Rust,D:\clones\rust-clippy\clippy_lints\src\fallible_impl_from.rs,10,37.0,85.0
rust-clippy,Rust,D:\clones\rust-clippy\tests\ui\use_self_trait.rs,27,3.0,85.0
rust-clippy,Rust,D:\clones\rust-clippy\clippy_lints\src\crate_in_macro_def.rs,6,35.0,84.0
rust-clippy,Rust,D:\clones\rust-clippy\clippy_lints\src\if_then_some_else_none.rs,11,27.0,84.0
rust-clippy,Rust,D:\clones\rust-clippy\clippy_lints\src\mut_mut.rs,11,19.0,84.0
rust-clippy,Rust,D:\clones\rust-clippy\tests\lint_message_convention.rs,15,12.0,84.0
rust-clippy,Rust,D:\clones\rust-clippy\tests\ui\missing_panics_doc.rs,20,49.0,84.0
rust-clippy,Rust,D:\clones\rust-clippy\tests\ui\nonminimal_bool_methods.rs,14,13.0,84.0
rust-clippy,Rust,D:\clones\rust-clippy\tests\ui\wrong_self_convention2.rs,23,9.0,84.0
rust-clippy,Rust,D:\clones\rust-clippy\tests\workspace.rs,15,8.0,84.0
rust-clippy,Rust,D:\clones\rust-clippy\clippy_dev\src\setup\vscode.rs,13,8.0,83.0
rust-clippy,Rust,D:\clones\rust-clippy\clippy_lints\src\needless_arbitrary_self_type.rs,7,49.0,83.0
rust-clippy,Rust,D:\clones\rust-clippy\clippy_lints\src\redundant_static_lifetimes.rs,9,25.0,83.0
rust-clippy,Rust,D:\clones\rust-clippy\tests\ui\op_ref.rs,9,2.0,83.0
rust-clippy,Rust,D:\clones\rust-clippy\tests\ui\suspicious_else_formatting.rs,25,7.0,83.0
rust-clippy,Rust,D:\clones\rust-clippy\clippy_lints\src\loops\while_let_loop.rs,7,13.0,82.0
rust-clippy,Rust,D:\clones\rust-clippy\tests\ui\integer_arithmetic.rs,16,4.0,82.0
rust-clippy,Rust,D:\clones\rust-clippy\tests\ui\manual_flatten.rs,15,12.0,82.0
rust-clippy,Rust,D:\clones\rust-clippy\tests\ui\needless_borrow.rs,19,6.0,82.0
rust-clippy,Rust,D:\clones\rust-clippy\tests\ui\panicking_macros.rs,13,0.0,82.0
rust-clippy,Rust,D:\clones\rust-clippy\tests\ui\used_underscore_binding.rs,18,18.0,82.0
rust-clippy,Rust,D:\clones\rust-clippy\clippy_lints\src\transmute\transmute_ref_to_ref.rs,6,2.0,81.0
rust-clippy,Rust,D:\clones\rust-clippy\tests\ui-internal\if_chain_style.rs,4,7.0,81.0
rust-clippy,Rust,D:\clones\rust-clippy\tests\ui\declare_interior_mutable_const\enums.rs,27,15.0,81.0
rust-clippy,Rust,D:\clones\rust-clippy\tests\ui\same_functions_in_if_condition.rs,17,11.0,81.0
rust-clippy,Rust,D:\clones\rust-clippy\clippy_lints\src\almost_complete_letter_range.rs,5,15.0,80.0
rust-clippy,Rust,D:\clones\rust-clippy\clippy_lints\src\future_not_send.rs,3,29.0,80.0
rust-clippy,Rust,D:\clones\rust-clippy\clippy_lints\src\methods\unnecessary_fold.rs,9,6.0,80.0
rust-clippy,Rust,D:\clones\rust-clippy\tests\ui\implicit_hasher.rs,15,7.0,80.0
rust-clippy,Rust,D:\clones\rust-clippy\tests\ui\trait_duplication_in_bounds.rs,17,4.0,80.0
rust-clippy,Rust,D:\clones\rust-clippy\clippy_lints\src\loops\explicit_counter_loop.rs,6,7.0,79.0
rust-clippy,Rust,D:\clones\rust-clippy\clippy_lints\src\unwrap_in_result.rs,9,45.0,79.0
rust-clippy,Rust,D:\clones\rust-clippy\tests\ui-toml\min_rust_version\min_rust_version.rs,15,4.0,79.0
rust-clippy,Rust,D:\clones\rust-clippy\clippy_lints\src\derivable_impls.rs,4,35.0,78.0
rust-clippy,Rust,D:\clones\rust-clippy\clippy_lints\src\lib.register_restriction.rs,1,3.0,78.0
rust-clippy,Rust,D:\clones\rust-clippy\tests\ui\eq_op.rs,20,10.0,78.0
rust-clippy,Rust,D:\clones\rust-clippy\tests\ui\infallible_destructuring_match.rs,26,14.0,78.0
rust-clippy,HTML,D:\clones\rust-clippy\util\gh-pages\versions.html,13,0.0,78.0
rust-clippy,Rust,D:\clones\rust-clippy\clippy_lints\src\inconsistent_struct_constructor.rs,11,48.0,77.0
rust-clippy,Rust,D:\clones\rust-clippy\clippy_lints\src\matches\manual_unwrap_or.rs,5,1.0,77.0
rust-clippy,Rust,D:\clones\rust-clippy\tests\integration.rs,9,3.0,77.0
rust-clippy,Markdown,D:\clones\rust-clippy\book\src\development\infrastructure\changelog_update.md,26,0.0,76.0
rust-clippy,Markdown,D:\clones\rust-clippy\book\src\lints.md,29,0.0,76.0
rust-clippy,Rust,D:\clones\rust-clippy\clippy_lints\src\bytecount.rs,3,24.0,76.0
rust-clippy,Rust,D:\clones\rust-clippy\clippy_lints\src\functions\too_many_lines.rs,7,4.0,76.0
rust-clippy,Rust,D:\clones\rust-clippy\clippy_lints\src\matches\match_as_ref.rs,7,2.0,76.0
rust-clippy,Rust,D:\clones\rust-clippy\clippy_lints\src\methods\get_unwrap.rs,6,5.0,76.0
rust-clippy,Rust,D:\clones\rust-clippy\clippy_lints\src\needless_question_mark.rs,7,60.0,76.0
rust-clippy,Rust,D:\clones\rust-clippy\tests\ui\borrow_box.rs,22,17.0,76.0
rust-clippy,Rust,D:\clones\rust-clippy\tests\ui\inherent_to_string.rs,21,9.0,76.0
rust-clippy,Rust,D:\clones\rust-clippy\clippy_lints\src\bool_assert_comparison.rs,9,23.0,75.0
rust-clippy,Rust,D:\clones\rust-clippy\clippy_lints\src\borrow_deref_ref.rs,10,36.0,75.0
rust-clippy,Rust,D:\clones\rust-clippy\clippy_lints\src\dbg_macro.rs,6,20.0,75.0
rust-clippy,Rust,D:\clones\rust-clippy\clippy_lints\src\float_equality_without_abs.rs,9,32.0,75.0
rust-clippy,Rust,D:\clones\rust-clippy\clippy_lints\src\mismatching_type_param_order.rs,6,35.0,75.0
rust-clippy,Rust,D:\clones\rust-clippy\clippy_lints\src\reference.rs,6,24.0,75.0
rust-clippy,Rust,D:\clones\rust-clippy\clippy_lints\src\to_digit_is_some.rs,5,19.0,75.0
rust-clippy,Rust,D:\clones\rust-clippy\tests\ui\borrow_interior_mutable_const\others.rs,16,13.0,75.0
rust-clippy,Rust,D:\clones\rust-clippy\tests\ui\missing_const_for_fn\cant_be_const.rs,25,21.0,75.0
rust-clippy,Rust,D:\clones\rust-clippy\tests\ui\unnecessary_operation.rs,6,2.0,75.0
rust-clippy,Rust,D:\clones\rust-clippy\clippy_lints\src\manual_ok_or.rs,5,19.0,74.0
rust-clippy,Rust,D:\clones\rust-clippy\clippy_lints\src\non_octal_unix_permissions.rs,9,23.0,74.0
rust-clippy,Rust,D:\clones\rust-clippy\tests\ui\checked_unwrap\simple_conditionals.rs,6,6.0,74.0
rust-clippy,Rust,D:\clones\rust-clippy\clippy_lints\src\suspicious_trait_impl.rs,9,34.0,73.0
rust-clippy,Rust,D:\clones\rust-clippy\tests\ui\auxiliary\proc_macro_attr.rs,13,10.0,73.0
rust-clippy,Rust,D:\clones\rust-clippy\tests\ui\mut_range_bound.rs,11,0.0,73.0
rust-clippy,Rust,D:\clones\rust-clippy\tests\ui\redundant_pattern_matching_option.rs,26,4.0,73.0
rust-clippy,Rust,D:\clones\rust-clippy\clippy_lints\src\lib.register_correctness.rs,1,3.0,72.0
rust-clippy,Rust,D:\clones\rust-clippy\tests\ui\needless_range_loop.rs,19,4.0,72.0
rust-clippy,Rust,D:\clones\rust-clippy\tests\ui\rc_clone_in_vec_init\weak.rs,11,0.0,72.0
rust-clippy,Rust,D:\clones\rust-clippy\tests\ui\single_match_else.rs,15,13.0,72.0
rust-clippy,Rust,D:\clones\rust-clippy\tests\ui\unnecessary_sort_by.rs,17,14.0,72.0
rust-clippy,Rust,D:\clones\rust-clippy\tests\ui\useless_conversion.rs,16,4.0,72.0
rust-clippy,Rust,D:\clones\rust-clippy\clippy_lints\src\comparison_chain.rs,13,48.0,71.0
rust-clippy,Rust,D:\clones\rust-clippy\clippy_lints\src\equatable_if_let.rs,6,24.0,71.0
rust-clippy,Rust,D:\clones\rust-clippy\clippy_lints\src\inherent_to_string.rs,11,71.0,71.0
rust-clippy,Rust,D:\clones\rust-clippy\clippy_lints\src\methods\from_iter_instead_of_collect.rs,6,6.0,71.0
rust-clippy,Rust,D:\clones\rust-clippy\clippy_lints\src\transmute\useless_transmute.rs,3,3.0,71.0
rust-clippy,Rust,D:\clones\rust-clippy\clippy_lints\src\transmute\utils.rs,10,21.0,71.0
rust-clippy,Rust,D:\clones\rust-clippy\tests\ui\expect_fun_call.rs,27,6.0,71.0
rust-clippy,Rust,D:\clones\rust-clippy\tests\ui\iter_count.rs,12,4.0,71.0
rust-clippy,Rust,D:\clones\rust-clippy\tests\ui\missing-doc.rs,15,16.0,71.0
rust-clippy,Rust,D:\clones\rust-clippy\tests\versioncheck.rs,8,10.0,71.0
rust-clippy,Rust,D:\clones\rust-clippy\clippy_lints\src\asm_syntax.rs,13,48.0,70.0
rust-clippy,Rust,D:\clones\rust-clippy\clippy_lints\src\missing_enforced_import_rename.rs,8,24.0,70.0
rust-clippy,Rust,D:\clones\rust-clippy\clippy_lints\src\mut_reference.rs,4,21.0,70.0
rust-clippy,Rust,D:\clones\rust-clippy\tests\ui\cmp_owned\asymmetric_partial_eq.rs,18,5.0,70.0
rust-clippy,Rust,D:\clones\rust-clippy\tests\ui\collapsible_match2.rs,8,9.0,70.0
rust-clippy,Rust,D:\clones\rust-clippy\tests\ui\derive.rs,15,4.0,70.0
rust-clippy,Rust,D:\clones\rust-clippy\tests\ui\manual_filter_map.rs,19,7.0,70.0
rust-clippy,Rust,D:\clones\rust-clippy\tests\ui\manual_find_map.rs,19,7.0,70.0
rust-clippy,Rust,D:\clones\rust-clippy\tests\ui\unnecessary_cast.rs,14,7.0,70.0
rust-clippy,YAML,D:\clones\rust-clippy\.github\ISSUE_TEMPLATE\new_lint.yml,2,0.0,69.0
rust-clippy,Rust,D:\clones\rust-clippy\clippy_lints\src\double_comparison.rs,5,22.0,69.0
rust-clippy,Rust,D:\clones\rust-clippy\clippy_lints\src\matches\match_bool.rs,4,2.0,69.0
rust-clippy,Rust,D:\clones\rust-clippy\clippy_lints\src\panic_unimplemented.rs,7,40.0,69.0
rust-clippy,Rust,D:\clones\rust-clippy\tests\ui\borrow_interior_mutable_const\enums.rs,23,9.0,69.0
rust-clippy,Rust,D:\clones\rust-clippy\tests\ui\let_underscore_must_use.rs,24,2.0,69.0
rust-clippy,Rust,D:\clones\rust-clippy\tests\ui\trim_split_whitespace.rs,12,10.0,69.0
rust-clippy,Rust,D:\clones\rust-clippy\clippy_lints\src\casts\utils.rs,4,3.0,68.0
rust-clippy,Rust,D:\clones\rust-clippy\clippy_lints\src\empty_structs_with_brackets.rs,14,17.0,68.0
rust-clippy,Rust,D:\clones\rust-clippy\clippy_lints\src\misc_early\unneeded_field_pattern.rs,5,0.0,68.0
rust-clippy,Rust,D:\clones\rust-clippy\tests\ui\manual_memcpy\with_loop_counters.rs,13,7.0,68.0
rust-clippy,Rust,D:\clones\rust-clippy\tests\ui\must_use_candidates.rs,20,5.0,68.0
rust-clippy,Rust,D:\clones\rust-clippy\tests\dogfood.rs,18,15.0,67.0
rust-clippy,Rust,D:\clones\rust-clippy\tests\ui-internal\check_clippy_version_attribute.rs,11,9.0,67.0
rust-clippy,Rust,D:\clones\rust-clippy\tests\ui\auxiliary\proc_macro_suspicious_else_formatting.rs,5,2.0,67.0
rust-clippy,Rust,D:\clones\rust-clippy\tests\ui\default_union_representation.rs,11,0.0,67.0
rust-clippy,Rust,D:\clones\rust-clippy\tests\ui\invalid_upcast_comparisons.rs,11,7.0,67.0
rust-clippy,Rust,D:\clones\rust-clippy\tests\ui\missing-doc-impl.rs,15,10.0,67.0
rust-clippy,Rust,D:\clones\rust-clippy\tests\ui\modulo_arithmetic_integral.rs,14,2.0,67.0
rust-clippy,Rust,D:\clones\rust-clippy\tests\ui\type_repetition_in_bounds.rs,13,5.0,67.0
rust-clippy,Rust,D:\clones\rust-clippy\tests\ui\uninit_vec.rs,17,10.0,67.0
rust-clippy,Rust,D:\clones\rust-clippy\tests\ui\unused_unit.rs,15,7.0,67.0
rust-clippy,Rust,D:\clones\rust-clippy\clippy_lints\src\lib.deprecated.rs,1,3.0,66.0
rust-clippy,Rust,D:\clones\rust-clippy\clippy_lints\src\methods\iter_next_slice.rs,4,4.0,66.0
rust-clippy,Rust,D:\clones\rust-clippy\clippy_lints\src\methods\map_flatten.rs,4,3.0,66.0
rust-clippy,Rust,D:\clones\rust-clippy\clippy_lints\src\return_self_not_must_use.rs,7,61.0,66.0
rust-clippy,Rust,D:\clones\rust-clippy\tests\ui\default_trait_access.rs,32,1.0,66.0
rust-clippy,Rust,D:\clones\rust-clippy\tests\ui\explicit_deref_methods.rs,29,5.0,66.0
rust-clippy,Rust,D:\clones\rust-clippy\tests\ui\floating_point_abs.rs,16,2.0,66.0
rust-clippy,Rust,D:\clones\rust-clippy\tests\ui\redundant_pattern_matching_ipaddr.rs,24,1.0,66.0
rust-clippy,Rust,D:\clones\rust-clippy\clippy_lints\src\loops\explicit_iter_loop.rs,5,5.0,65.0
rust-clippy,Rust,D:\clones\rust-clippy\clippy_lints\src\loops\manual_flatten.rs,3,7.0,65.0
rust-clippy,Rust,D:\clones\rust-clippy\clippy_lints\src\redundant_pub_crate.rs,8,21.0,65.0
rust-clippy,Rust,D:\clones\rust-clippy\tests\ui\fallible_impl_from.rs,10,1.0,65.0
rust-clippy,Rust,D:\clones\rust-clippy\tests\ui\format.rs,16,8.0,65.0
rust-clippy,Rust,D:\clones\rust-clippy\tests\ui\many_single_char_names.rs,8,1.0,65.0
rust-clippy,Rust,D:\clones\rust-clippy\tests\ui\option_option.rs,18,6.0,65.0
rust-clippy,Rust,D:\clones\rust-clippy\tests\ui\redundant_pattern_matching_poll.rs,25,1.0,65.0
rust-clippy,Rust,D:\clones\rust-clippy\tests\ui\rename.rs,3,4.0,65.0
rust-clippy,Rust,D:\clones\rust-clippy\clippy_lints\src\large_const_arrays.rs,6,17.0,64.0
rust-clippy,Rust,D:\clones\rust-clippy\clippy_lints\src\methods\map_unwrap_or.rs,6,9.0,64.0
rust-clippy,Rust,D:\clones\rust-clippy\tests\ui\async_yields_async.rs,9,5.0,64.0
rust-clippy,Rust,D:\clones\rust-clippy\tests\ui\doc_errors.rs,21,19.0,64.0
rust-clippy,Rust,D:\clones\rust-clippy\tests\ui\exhaustive_items.rs,13,11.0,64.0
rust-clippy,Rust,D:\clones\rust-clippy\tests\ui\ref_binding_to_reference.rs,12,9.0,64.0
rust-clippy,Rust,D:\clones\rust-clippy\tests\ui\should_impl_trait\method_list_1.rs,17,6.0,64.0
rust-clippy,Rust,D:\clones\rust-clippy\tests\ui\should_impl_trait\method_list_2.rs,18,6.0,64.0
rust-clippy,YAML,D:\clones\rust-clippy\.github\ISSUE_TEMPLATE\false_positive.yml,5,0.0,63.0
rust-clippy,Rust,D:\clones\rust-clippy\clippy_lints\src\borrow_as_ptr.rs,10,26.0,63.0
rust-clippy,Rust,D:\clones\rust-clippy\clippy_lints\src\default_union_representation.rs,5,37.0,63.0
rust-clippy,Rust,D:\clones\rust-clippy\clippy_lints\src\disallowed_methods.rs,8,42.0,63.0
rust-clippy,Rust,D:\clones\rust-clippy\clippy_lints\src\disallowed_script_idents.rs,9,41.0,63.0
rust-clippy,Rust,D:\clones\rust-clippy\clippy_lints\src\from_str_radix_10.rs,10,30.0,63.0
rust-clippy,Rust,D:\clones\rust-clippy\clippy_lints\src\loops\for_loops_over_fallibles.rs,1,1.0,63.0
rust-clippy,Rust,D:\clones\rust-clippy\clippy_lints\src\ptr_eq.rs,8,26.0,63.0
rust-clippy,Rust,D:\clones\rust-clippy\clippy_lints\src\strlen_on_c_strings.rs,5,20.0,63.0
rust-clippy,Rust,D:\clones\rust-clippy\clippy_lints\src\unnecessary_owned_empty_strings.rs,2,16.0,63.0
rust-clippy,Rust,D:\clones\rust-clippy\clippy_lints\src\verbose_file_reads.rs,5,20.0,63.0
rust-clippy,Rust,D:\clones\rust-clippy\tests\ui\await_holding_refcell_ref.rs,22,0.0,63.0
rust-clippy,Rust,D:\clones\rust-clippy\tests\ui\cmp_owned\without_suggestion.rs,12,0.0,63.0
rust-clippy,Rust,D:\clones\rust-clippy\tests\ui\empty_line_after_outer_attribute.rs,37,23.0,63.0
rust-clippy,Rust,D:\clones\rust-clippy\tests\ui\future_not_send.rs,16,0.0,63.0
rust-clippy,Markdown,D:\clones\rust-clippy\book\src\configuration.md,30,0.0,62.0
rust-clippy,Rust,D:\clones\rust-clippy\tests\missing-test-files.rs,3,4.0,62.0
rust-clippy,Rust,D:\clones\rust-clippy\tests\ui\auxiliary\proc_macro_derive.rs,8,4.0,62.0
rust-clippy,Rust,D:\clones\rust-clippy\tests\ui\equatable_if_let.rs,13,3.0,62.0
rust-clippy,Rust,D:\clones\rust-clippy\clippy_lints\src\panic_in_result_fn.rs,4,22.0,61.0
rust-clippy,Rust,D:\clones\rust-clippy\clippy_lints\src\repeat_once.rs,3,25.0,61.0
rust-clippy,Rust,D:\clones\rust-clippy\tests\ui\manual_assert.rs,3,4.0,61.0
rust-clippy,Rust,D:\clones\rust-clippy\tests\ui\mut_key.rs,16,8.0,61.0
rust-clippy,Rust,D:\clones\rust-clippy\clippy_lints\src\duplicate_mod.rs,9,33.0,60.0
rust-clippy,Rust,D:\clones\rust-clippy\clippy_lints\src\functions\too_many_arguments.rs,5,3.0,60.0
rust-clippy,Rust,D:\clones\rust-clippy\clippy_lints\src\loops\for_kv_map.rs,4,2.0,60.0
rust-clippy,Rust,D:\clones\rust-clippy\clippy_lints\src\matches\match_ref_pats.rs,6,0.0,60.0
rust-clippy,Rust,D:\clones\rust-clippy\clippy_lints\src\methods\or_then_unwrap.rs,6,2.0,60.0
rust-clippy,Rust,D:\clones\rust-clippy\clippy_lints\src\types\type_complexity.rs,10,8.0,60.0
rust-clippy,Rust,D:\clones\rust-clippy\clippy_lints\src\zero_sized_map_values.rs,5,29.0,60.0
rust-clippy,Rust,D:\clones\rust-clippy\tests\ui\manual_non_exhaustive_enum.rs,10,8.0,60.0
rust-clippy,Rust,D:\clones\rust-clippy\clippy_dev\src\setup\git_hook.rs,11,15.0,59.0
rust-clippy,Rust,D:\clones\rust-clippy\clippy_lints\src\case_sensitive_file_extension_comparisons.rs,5,19.0,59.0
rust-clippy,Rust,D:\clones\rust-clippy\clippy_lints\src\exhaustive_items.rs,5,47.0,59.0
rust-clippy,Rust,D:\clones\rust-clippy\clippy_lints\src\functions\result_unit_err.rs,7,0.0,59.0
rust-clippy,Rust,D:\clones\rust-clippy\clippy_lints\src\iter_not_returning_iterator.rs,5,26.0,59.0
rust-clippy,Rust,D:\clones\rust-clippy\clippy_lints\src\methods\inefficient_to_string.rs,5,3.0,59.0
rust-clippy,Rust,D:\clones\rust-clippy\clippy_lints\src\types\vec_box.rs,2,3.0,59.0
rust-clippy,Rust,D:\clones\rust-clippy\tests\ui\infinite_iter.rs,8,1.0,59.0
rust-clippy,Rust,D:\clones\rust-clippy\tests\ui\rc_clone_in_vec_init\rc.rs,10,0.0,59.0
rust-clippy,Rust,D:\clones\rust-clippy\clippy_lints\src\enum_clike.rs,4,19.0,58.0
rust-clippy,Rust,D:\clones\rust-clippy\clippy_lints\src\methods\single_char_pattern.rs,3,1.0,58.0
rust-clippy,Rust,D:\clones\rust-clippy\clippy_lints\src\needless_bitwise_bool.rs,5,22.0,58.0
rust-clippy,Rust,D:\clones\rust-clippy\clippy_lints\src\redundant_field_names.rs,6,22.0,58.0
rust-clippy,Rust,D:\clones\rust-clippy\clippy_lints\src\unsafe_removed_from_name.rs,6,15.0,58.0
rust-clippy,Rust,D:\clones\rust-clippy\clippy_lints\src\unused_async.rs,7,23.0,58.0
rust-clippy,Rust,D:\clones\rust-clippy\tests\ui-toml\unwrap_used\unwrap_used.rs,9,6.0,58.0
rust-clippy,Rust,D:\clones\rust-clippy\tests\ui\iter_not_returning_iterator.rs,15,1.0,58.0
rust-clippy,Rust,D:\clones\rust-clippy\tests\ui\manual_map_option_2.rs,7,10.0,58.0
rust-clippy,Rust,D:\clones\rust-clippy\tests\ui\mem_replace.rs,18,3.0,58.0
rust-clippy,Rust,D:\clones\rust-clippy\tests\ui\rc_clone_in_vec_init\arc.rs,10,0.0,58.0
rust-clippy,Rust,D:\clones\rust-clippy\tests\ui\self_assignment.rs,9,0.0,58.0
rust-clippy,Markdown,D:\clones\rust-clippy\CODE_OF_CONDUCT.md,13,0.0,57.0
rust-clippy,Rust,D:\clones\rust-clippy\clippy_lints\src\casts\cast_sign_loss.rs,10,2.0,57.0
rust-clippy,Rust,D:\clones\rust-clippy\clippy_lints\src\large_include_file.rs,7,22.0,57.0
rust-clippy,Rust,D:\clones\rust-clippy\clippy_lints\src\match_result_ok.rs,6,27.0,57.0
rust-clippy,Markdown,D:\clones\rust-clippy\etc\relicense\RELICENSE_DOCUMENTATION.md,12,0.0,57.0
rust-clippy,Markdown,D:\clones\rust-clippy\lintcheck\README.md,20,0.0,57.0
rust-clippy,Rust,D:\clones\rust-clippy\tests\ui\clone_on_copy.rs,14,3.0,57.0
rust-clippy,Rust,D:\clones\rust-clippy\tests\ui\panic_in_result_fn.rs,13,0.0,57.0
rust-clippy,Rust,D:\clones\rust-clippy\tests\ui\should_impl_trait\corner_cases.rs,16,10.0,57.0
rust-clippy,Rust,D:\clones\rust-clippy\tests\ui\temporary_assignment.rs,12,1.0,57.0
rust-clippy,Rust,D:\clones\rust-clippy\tests\ui\vec.rs,18,3.0,57.0
rust-clippy,JSON,D:\clones\rust-clippy\util\etc\vscode-tasks.json,0,0.0,57.0
rust-clippy,YAML,D:\clones\rust-clippy\.github\workflows\clippy.yml,14,6.0,56.0
rust-clippy,Rust,D:\clones\rust-clippy\clippy_dev\src\serve.rs,4,5.0,56.0
rust-clippy,Rust,D:\clones\rust-clippy\clippy_lints\src\erasing_op.rs,6,15.0,56.0
rust-clippy,Rust,D:\clones\rust-clippy\clippy_lints\src\overflow_check_conditional.rs,5,14.0,56.0
rust-clippy,Rust,D:\clones\rust-clippy\tests\ui\doc\doc-fixable.rs,24,135.0,56.0
rust-clippy,Rust,D:\clones\rust-clippy\tests\ui\drop_forget_copy.rs,10,0.0,56.0
rust-clippy,Rust,D:\clones\rust-clippy\tests\ui\fn_to_numeric_cast_any.rs,17,3.0,56.0
rust-clippy,Rust,D:\clones\rust-clippy\tests\ui\formatting.rs,8,9.0,56.0
rust-clippy,Rust,D:\clones\rust-clippy\tests\ui\map_unwrap_or.rs,10,15.0,56.0
rust-clippy,Rust,D:\clones\rust-clippy\tests\ui\missing_const_for_fn\could_be_const.rs,16,9.0,56.0
rust-clippy,Rust,D:\clones\rust-clippy\clippy_lints\src\blacklisted_name.rs,9,13.0,55.0
rust-clippy,Rust,D:\clones\rust-clippy\clippy_lints\src\methods\iter_overeager_cloned.rs,4,0.0,55.0
rust-clippy,Rust,D:\clones\rust-clippy\clippy_lints\src\self_named_constructors.rs,8,28.0,55.0
rust-clippy,Rust,D:\clones\rust-clippy\clippy_lints\src\transmuting_null.rs,9,25.0,55.0
rust-clippy,Rust,D:\clones\rust-clippy\clippy_utils\src\ptr.rs,2,0.0,55.0
rust-clippy,Rust,D:\clones\rust-clippy\tests\ui\drop_ref.rs,13,6.0,55.0
rust-clippy,Rust,D:\clones\rust-clippy\tests\ui\regex.rs,24,3.0,55.0
rust-clippy,Markdown,D:\clones\rust-clippy\book\src\development\infrastructure\backport.md,17,0.0,54.0
rust-clippy,Rust,D:\clones\rust-clippy\clippy_lints\src\async_yields_async.rs,4,31.0,54.0
rust-clippy,Rust,D:\clones\rust-clippy\clippy_lints\src\format_push_string.rs,3,20.0,54.0
rust-clippy,Rust,D:\clones\rust-clippy\clippy_lints\src\init_numbered_fields.rs,3,24.0,54.0
rust-clippy,Rust,D:\clones\rust-clippy\clippy_lints\src\loops\missing_spin_loop.rs,2,0.0,54.0
rust-clippy,Rust,D:\clones\rust-clippy\clippy_lints\src\methods\unnecessary_lazy_eval.rs,6,7.0,54.0
rust-clippy,Rust,D:\clones\rust-clippy\clippy_lints\src\needless_parens_on_range_literals.rs,7,26.0,54.0
rust-clippy,Rust,D:\clones\rust-clippy\clippy_lints\src\transmute\transmute_float_to_int.rs,6,5.0,54.0
rust-clippy,Rust,D:\clones\rust-clippy\tests\ui\almost_complete_letter_range.rs,11,2.0,54.0
rust-clippy,Rust,D:\clones\rust-clippy\tests\ui\cast_slice_different_sizes.rs,15,13.0,54.0
rust-clippy,Rust,D:\clones\rust-clippy\tests\ui\inconsistent_struct_constructor.rs,14,9.0,54.0
rust-clippy,Rust,D:\clones\rust-clippy\tests\ui\unsafe_derive_deserialize.rs,13,3.0,54.0
rust-clippy,YAML,D:\clones\rust-clippy\.github\ISSUE_TEMPLATE\bug_report.yml,4,0.0,53.0
rust-clippy,Rust,D:\clones\rust-clippy\clippy_lints\src\cargo\multiple_crate_versions.rs,9,1.0,53.0
rust-clippy,Rust,D:\clones\rust-clippy\clippy_lints\src\large_stack_arrays.rs,5,10.0,53.0
rust-clippy,Rust,D:\clones\rust-clippy\clippy_lints\src\methods\into_iter_on_ref.rs,3,0.0,53.0
rust-clippy,Rust,D:\clones\rust-clippy\clippy_lints\src\neg_cmp_op_on_partial_ord.rs,9,28.0,53.0
rust-clippy,Rust,D:\clones\rust-clippy\tests\ui\absurd-extreme-comparisons.rs,6,2.0,53.0
rust-clippy,Rust,D:\clones\rust-clippy\tests\ui\bind_instead_of_map_multipart.rs,8,1.0,53.0
rust-clippy,Rust,D:\clones\rust-clippy\tests\ui\format_args_unfixable.rs,6,2.0,53.0
rust-clippy,Rust,D:\clones\rust-clippy\tests\ui\get_unwrap.rs,8,6.0,53.0
rust-clippy,Rust,D:\clones\rust-clippy\tests\ui\iter_with_drain.rs,9,3.0,53.0
rust-clippy,Rust,D:\clones\rust-clippy\tests\ui\option_map_unit_fn_fixable.rs,34,1.0,53.0
rust-clippy,Rust,D:\clones\rust-clippy\tests\ui\single_char_pattern.rs,8,6.0,53.0
rust-clippy,Rust,D:\clones\rust-clippy\tests\ui\unit_cmp.rs,6,2.0,53.0
rust-clippy,Rust,D:\clones\rust-clippy\clippy_lints\src\assertions_on_constants.rs,3,14.0,52.0
rust-clippy,Rust,D:\clones\rust-clippy\clippy_lints\src\swap_ptr_to_ref.rs,3,25.0,52.0
rust-clippy,Rust,D:\clones\rust-clippy\tests\ui-internal\collapsible_span_lint_calls.rs,8,2.0,52.0
rust-clippy,Rust,D:\clones\rust-clippy\tests\ui\blocks_in_if_conditions.rs,11,2.0,52.0
rust-clippy,Rust,D:\clones\rust-clippy\tests\ui\checked_conversions.rs,19,8.0,52.0
rust-clippy,Rust,D:\clones\rust-clippy\tests\ui\explicit_write.rs,6,5.0,52.0
rust-clippy,Rust,D:\clones\rust-clippy\tests\ui\impl.rs,12,3.0,52.0
rust-clippy,Rust,D:\clones\rust-clippy\tests\ui\large_types_passed_by_value.rs,12,2.0,52.0
rust-clippy,Rust,D:\clones\rust-clippy\tests\ui\redundant_allocation_fixable.rs,22,1.0,52.0
rust-clippy,Rust,D:\clones\rust-clippy\tests\ui\search_is_some.rs,14,13.0,52.0
rust-clippy,Rust,D:\clones\rust-clippy\tests\ui\type_complexity.rs,15,2.0,52.0
rust-clippy,Bourne Shell,D:\clones\rust-clippy\.github\deploy.sh,10,6.0,51.0
rust-clippy,TOML,D:\clones\rust-clippy\Cargo.toml,9,6.0,51.0
rust-clippy,Rust,D:\clones\rust-clippy\clippy_lints\src\matches\match_on_vec_items.rs,8,2.0,51.0
rust-clippy,Rust,D:\clones\rust-clippy\clippy_lints\src\methods\implicit_clone.rs,3,4.0,51.0
rust-clippy,Rust,D:\clones\rust-clippy\clippy_lints\src\mutex_atomic.rs,6,53.0,51.0
rust-clippy,Rust,D:\clones\rust-clippy\clippy_lints\src\transmute\transmute_ptr_to_ref.rs,3,2.0,51.0
rust-clippy,Rust,D:\clones\rust-clippy\tests\ui\derive_ord_xor_partial_ord.rs,17,1.0,51.0
rust-clippy,Rust,D:\clones\rust-clippy\tests\ui\match_bool.rs,10,2.0,51.0
rust-clippy,Rust,D:\clones\rust-clippy\tests\ui\match_wild_err_arm.rs,10,7.0,51.0
rust-clippy,Rust,D:\clones\rust-clippy\tests\ui\needless_arbitrary_self_type.rs,17,1.0,51.0
rust-clippy,Rust,D:\clones\rust-clippy\tests\ui\redundant_field_names.rs,16,4.0,51.0
rust-clippy,Rust,D:\clones\rust-clippy\clippy_lints\src\manual_assert.rs,3,18.0,50.0
rust-clippy,Rust,D:\clones\rust-clippy\clippy_lints\src\neg_multiply.rs,5,18.0,50.0
rust-clippy,Rust,D:\clones\rust-clippy\tests\ui\bit_masks.rs,11,2.0,50.0
rust-clippy,Rust,D:\clones\rust-clippy\tests\ui\blocks_in_if_conditions_closure.rs,10,4.0,50.0
rust-clippy,Rust,D:\clones\rust-clippy\tests\ui\cmp_owned\with_suggestion.rs,18,4.0,50.0
rust-clippy,Rust,D:\clones\rust-clippy\tests\ui\dbg_macro.rs,9,1.0,50.0
rust-clippy,Rust,D:\clones\rust-clippy\tests\ui\unwrap_or_else_default.rs,19,5.0,50.0
rust-clippy,Rust,D:\clones\rust-clippy\tests\ui\zero_sized_btreemap_values.rs,18,0.0,50.0
rust-clippy,Rust,D:\clones\rust-clippy\tests\ui\zero_sized_hashmap_values.rs,18,0.0,50.0
rust-clippy,YAML,D:\clones\rust-clippy\.github\workflows\clippy_dev.yml,13,8.0,49.0
rust-clippy,Rust,D:\clones\rust-clippy\clippy_lints\src\as_underscore.rs,4,21.0,49.0
rust-clippy,Rust,D:\clones\rust-clippy\clippy_lints\src\duration_subsec.rs,3,23.0,49.0
rust-clippy,Rust,D:\clones\rust-clippy\clippy_lints\src\if_not_else.rs,5,36.0,49.0
rust-clippy,Rust,D:\clones\rust-clippy\clippy_lints\src\trailing_empty_array.rs,5,24.0,49.0
rust-clippy,Rust,D:\clones\rust-clippy\clippy_lints\src\transmute\unsound_collection_transmute.rs,1,2.0,49.0
rust-clippy,Rust,D:\clones\rust-clippy\clippy_lints\src\unused_rounding.rs,3,17.0,49.0
rust-clippy,Markdown,D:\clones\rust-clippy\rustc_tools_util\README.md,13,0.0,49.0
rust-clippy,Rust,D:\clones\rust-clippy\tests\ui\deref_addrof.rs,16,3.0,49.0
rust-clippy,Rust,D:\clones\rust-clippy\tests\ui\else_if_without_else.rs,7,2.0,49.0
rust-clippy,Rust,D:\clones\rust-clippy\tests\ui\floating_point_log.rs,6,3.0,49.0
rust-clippy,Rust,D:\clones\rust-clippy\tests\ui\manual_non_exhaustive_struct.rs,14,11.0,49.0
rust-clippy,Rust,D:\clones\rust-clippy\tests\ui\map_flatten.rs,5,1.0,49.0
rust-clippy,Rust,D:\clones\rust-clippy\tests\ui\non_expressive_names.rs,9,0.0,49.0
rust-clippy,Rust,D:\clones\rust-clippy\tests\ui\precedence.rs,7,5.0,49.0
rust-clippy,Rust,D:\clones\rust-clippy\tests\ui\useless_attribute.rs,15,11.0,49.0
rust-clippy,Rust,D:\clones\rust-clippy\clippy_dev\src\lint.rs,6,1.0,48.0
rust-clippy,Rust,D:\clones\rust-clippy\clippy_lints\src\methods\err_expect.rs,5,7.0,48.0
rust-clippy,Rust,D:\clones\rust-clippy\clippy_lints\src\misc_early\unneeded_wildcard_pattern.rs,4,0.0,48.0
rust-clippy,Rust,D:\clones\rust-clippy\tests\ui\checked_unwrap\complex_conditionals.rs,3,3.0,48.0
rust-clippy,Rust,D:\clones\rust-clippy\tests\ui\manual_bits.rs,10,1.0,48.0
rust-clippy,Rust,D:\clones\rust-clippy\tests\ui\manual_saturating_arithmetic.rs,6,1.0,48.0
rust-clippy,Rust,D:\clones\rust-clippy\tests\ui\match_same_arms.rs,8,0.0,48.0
rust-clippy,Rust,D:\clones\rust-clippy\tests\ui\print_in_format_impl.rs,10,0.0,48.0
rust-clippy,Rust,D:\clones\rust-clippy\tests\ui\result_map_unit_fn_fixable.rs,33,1.0,48.0
rust-clippy,YAML,D:\clones\rust-clippy\.github\ISSUE_TEMPLATE\false_negative.yml,3,0.0,47.0
rust-clippy,YAML,D:\clones\rust-clippy\.github\workflows\deploy.yml,11,6.0,47.0
rust-clippy,Rust,D:\clones\rust-clippy\clippy_lints\src\from_over_into.rs,8,26.0,47.0
rust-clippy,Rust,D:\clones\rust-clippy\clippy_lints\src\matches\match_wild_err_arm.rs,2,2.0,47.0
rust-clippy,Rust,D:\clones\rust-clippy\clippy_lints\src\ref_option_ref.rs,5,19.0,47.0
rust-clippy,Rust,D:\clones\rust-clippy\clippy_lints\src\serde_api.rs,3,10.0,47.0
rust-clippy,Rust,D:\clones\rust-clippy\clippy_lints\src\unit_types\unit_cmp.rs,3,0.0,47.0
rust-clippy,Rust,D:\clones\rust-clippy\clippy_lints\src\unnecessary_self_imports.rs,4,19.0,47.0
rust-clippy,Rust,D:\clones\rust-clippy\tests\ui\auxiliary\option_helpers.rs,13,4.0,47.0
rust-clippy,Rust,D:\clones\rust-clippy\tests\ui\entry_with_else.rs,12,1.0,47.0
rust-clippy,Rust,D:\clones\rust-clippy\tests\ui\manual_strip.rs,12,7.0,47.0
rust-clippy,Rust,D:\clones\rust-clippy\tests\ui\map_clone.rs,9,7.0,47.0
rust-clippy,Rust,D:\clones\rust-clippy\tests\ui\match_result_ok.rs,12,4.0,47.0
rust-clippy,Rust,D:\clones\rust-clippy\tests\ui\missing_inline.rs,12,7.0,47.0
rust-clippy,Rust,D:\clones\rust-clippy\clippy_lints\src\bytes_count_to_len.rs,6,18.0,46.0
rust-clippy,Rust,D:\clones\rust-clippy\clippy_lints\src\methods\iter_count.rs,2,0.0,46.0
rust-clippy,Rust,D:\clones\rust-clippy\clippy_lints\src\path_buf_push_overwrite.rs,3,25.0,46.0
rust-clippy,Rust,D:\clones\rust-clippy\clippy_lints\src\vec_resize_to_zero.rs,3,10.0,46.0
rust-clippy,Rust,D:\clones\rust-clippy\tests\ui\approx_const.rs,18,0.0,46.0
rust-clippy,Rust,D:\clones\rust-clippy\tests\ui\auxiliary\macro_use_helper.rs,8,6.0,46.0
rust-clippy,Rust,D:\clones\rust-clippy\tests\ui\manual_str_repeat.rs,14,6.0,46.0
rust-clippy,YAML,D:\clones\rust-clippy\.github\ISSUE_TEMPLATE\ice.yml,3,0.0,45.0
rust-clippy,Rust,D:\clones\rust-clippy\clippy_lints\src\casts\cast_precision_loss.rs,6,0.0,45.0
rust-clippy,Rust,D:\clones\rust-clippy\clippy_lints\src\get_first.rs,4,19.0,45.0
rust-clippy,Rust,D:\clones\rust-clippy\clippy_lints\src\methods\chars_cmp.rs,5,1.0,45.0
rust-clippy,Rust,D:\clones\rust-clippy\clippy_lints\src\semicolon_if_nothing_returned.rs,4,21.0,45.0
rust-clippy,Rust,D:\clones\rust-clippy\clippy_lints\src\transmute\transmute_int_to_float.rs,1,2.0,45.0
rust-clippy,Rust,D:\clones\rust-clippy\tests\ui-toml\nonstandard_macro_braces\conf_nonstandard_macro_braces.rs,14,1.0,45.0
rust-clippy,Rust,D:\clones\rust-clippy\tests\ui\for_loops_over_fallibles.rs,15,12.0,45.0
rust-clippy,Rust,D:\clones\rust-clippy\tests\ui\from_iter_instead_of_collect.rs,15,1.0,45.0
rust-clippy,Rust,D:\clones\rust-clippy\tests\ui\item_after_statement.rs,6,1.0,45.0
rust-clippy,Rust,D:\clones\rust-clippy\tests\ui\mut_mut.rs,12,2.0,45.0
rust-clippy,Rust,D:\clones\rust-clippy\tests\ui\rest_pat_in_fully_bound_structs.rs,10,2.0,45.0
rust-clippy,Rust,D:\clones\rust-clippy\tests\ui\self_named_constructors.rs,13,1.0,45.0
rust-clippy,Rust,D:\clones\rust-clippy\clippy_lints\src\double_parens.rs,5,26.0,44.0
rust-clippy,Rust,D:\clones\rust-clippy\clippy_lints\src\main_recursion.rs,6,13.0,44.0
rust-clippy,Rust,D:\clones\rust-clippy\clippy_lints\src\methods\get_last_with_len.rs,7,4.0,44.0
rust-clippy,Rust,D:\clones\rust-clippy\clippy_lints\src\methods\is_digit_ascii_radix.rs,5,1.0,44.0
rust-clippy,Rust,D:\clones\rust-clippy\clippy_lints\src\methods\iter_with_drain.rs,3,0.0,44.0
rust-clippy,Rust,D:\clones\rust-clippy\clippy_lints\src\needless_borrowed_ref.rs,5,38.0,44.0
rust-clippy,Rust,D:\clones\rust-clippy\clippy_lints\src\unit_hash.rs,2,32.0,44.0
rust-clippy,Rust,D:\clones\rust-clippy\tests\ui\crate_in_macro_def.rs,9,3.0,44.0
rust-clippy,Rust,D:\clones\rust-clippy\tests\ui\min_max.rs,18,0.0,44.0
rust-clippy,Rust,D:\clones\rust-clippy\tests\ui\needless_bool\simple.rs,3,0.0,44.0
rust-clippy,Rust,D:\clones\rust-clippy\tests\ui\nonminimal_bool.rs,7,1.0,44.0
rust-clippy,Rust,D:\clones\rust-clippy\tests\ui\return_self_not_must_use.rs,6,8.0,44.0
rust-clippy,YAML,D:\clones\rust-clippy\.github\ISSUE_TEMPLATE\blank_issue.yml,1,0.0,43.0
rust-clippy,Rust,D:\clones\rust-clippy\clippy_lints\src\casts\ptr_as_ptr.rs,4,2.0,43.0
rust-clippy,Rust,D:\clones\rust-clippy\clippy_lints\src\empty_drop.rs,2,20.0,43.0
rust-clippy,Rust,D:\clones\rust-clippy\clippy_lints\src\methods\suspicious_splitn.rs,4,1.0,43.0
rust-clippy,Rust,D:\clones\rust-clippy\clippy_lints\src\transmute\transmute_int_to_char.rs,1,2.0,43.0
rust-clippy,Rust,D:\clones\rust-clippy\clippy_lints\src\transmute\transmute_num_to_bytes.rs,2,4.0,43.0
rust-clippy,Rust,D:\clones\rust-clippy\clippy_lints\src\zero_div_zero.rs,3,21.0,43.0
rust-clippy,Rust,D:\clones\rust-clippy\tests\ui\assign_ops2.rs,9,3.0,43.0
rust-clippy,Rust,D:\clones\rust-clippy\tests\ui\blacklisted_name.rs,9,5.0,43.0
rust-clippy,Rust,D:\clones\rust-clippy\tests\ui\borrow_deref_ref.rs,11,5.0,43.0
rust-clippy,Rust,D:\clones\rust-clippy\clippy_dev\src\bless.rs,11,7.0,42.0
rust-clippy,Rust,D:\clones\rust-clippy\clippy_dev\src\lib.rs,7,8.0,42.0
rust-clippy,Rust,D:\clones\rust-clippy\clippy_lints\src\methods\iter_skip_next.rs,3,1.0,42.0
rust-clippy,Rust,D:\clones\rust-clippy\clippy_lints\src\methods\map_collect_result_unit.rs,2,3.0,42.0
rust-clippy,Rust,D:\clones\rust-clippy\clippy_lints\src\methods\string_extend_chars.rs,3,0.0,42.0
rust-clippy,Rust,D:\clones\rust-clippy\clippy_lints\src\types\box_collection.rs,3,0.0,42.0
rust-clippy,Rust,D:\clones\rust-clippy\tests\ui\excessive_precision.rs,16,11.0,42.0
rust-clippy,Rust,D:\clones\rust-clippy\tests\ui\match_as_ref.rs,8,2.0,42.0
rust-clippy,Rust,D:\clones\rust-clippy\tests\ui\pattern_type_mismatch\mutability.rs,7,0.0,42.0
rust-clippy,Rust,D:\clones\rust-clippy\tests\ui\range_contains.rs,11,11.0,42.0
rust-clippy,Rust,D:\clones\rust-clippy\tests\ui\write_with_newline.rs,9,8.0,42.0
rust-clippy,Rust,D:\clones\rust-clippy\clippy_lints\src\items_after_statements.rs,6,41.0,41.0
rust-clippy,Rust,D:\clones\rust-clippy\clippy_lints\src\matches\infallible_destructuring_match.rs,3,0.0,41.0
rust-clippy,Rust,D:\clones\rust-clippy\clippy_lints\src\methods\chars_cmp_with_unwrap.rs,2,1.0,41.0
rust-clippy,Rust,D:\clones\rust-clippy\clippy_lints\src\unused_self.rs,3,23.0,41.0
rust-clippy,Rust,D:\clones\rust-clippy\tests\ui\double_parens.rs,14,1.0,41.0
rust-clippy,Rust,D:\clones\rust-clippy\tests\ui\float_arithmetic.rs,10,1.0,41.0
rust-clippy,Rust,D:\clones\rust-clippy\tests\ui\match_single_binding2.rs,7,7.0,41.0
rust-clippy,Rust,D:\clones\rust-clippy\tests\ui\pattern_type_mismatch\pattern_tuples.rs,10,6.0,41.0
rust-clippy,Rust,D:\clones\rust-clippy\tests\ui\ptr_as_ptr.rs,15,9.0,41.0
rust-clippy,Rust,D:\clones\rust-clippy\tests\ui\result_unit_error.rs,14,1.0,41.0
rust-clippy,Rust,D:\clones\rust-clippy\tests\ui\slow_vector_initialization.rs,13,9.0,41.0
rust-clippy,Rust,D:\clones\rust-clippy\clippy_lints\src\methods\cloned_instead_of_copied.rs,2,3.0,40.0
rust-clippy,Rust,D:\clones\rust-clippy\clippy_lints\src\methods\extend_with_drain.rs,2,3.0,40.0
rust-clippy,Rust,D:\clones\rust-clippy\clippy_lints\src\methods\no_effect_replace.rs,7,0.0,40.0
rust-clippy,Rust,D:\clones\rust-clippy\tests\ui\derive_hash_xor_eq.rs,15,1.0,40.0
rust-clippy,Rust,D:\clones\rust-clippy\tests\ui\enum_clike_unportable_variant.rs,9,1.0,40.0
rust-clippy,Rust,D:\clones\rust-clippy\tests\ui\float_cmp_const.rs,11,7.0,40.0
rust-clippy,Rust,D:\clones\rust-clippy\tests\ui\mismatching_type_param_order.rs,13,7.0,40.0
rust-clippy,Rust,D:\clones\rust-clippy\tests\ui\redundant_pattern_matching_drop_order.rs,13,5.0,40.0
rust-clippy,Rust,D:\clones\rust-clippy\tests\ui\transmute_ptr_to_ptr.rs,11,12.0,40.0
rust-clippy,YAML,D:\clones\rust-clippy\.github\workflows\remark.yml,11,7.0,39.0
rust-clippy,Rust,D:\clones\rust-clippy\clippy_lints\src\cargo\common_metadata.rs,11,4.0,39.0
rust-clippy,Rust,D:\clones\rust-clippy\clippy_lints\src\casts\cast_abs_to_unsigned.rs,3,2.0,39.0
rust-clippy,Rust,D:\clones\rust-clippy\clippy_lints\src\casts\cast_possible_wrap.rs,5,0.0,39.0
rust-clippy,Rust,D:\clones\rust-clippy\clippy_lints\src\doc_link_with_quotes.rs,5,16.0,39.0
rust-clippy,Rust,D:\clones\rust-clippy\clippy_lints\src\inline_fn_without_body.rs,6,15.0,39.0
rust-clippy,Rust,D:\clones\rust-clippy\clippy_lints\src\map_err_ignore.rs,4,104.0,39.0
rust-clippy,Rust,D:\clones\rust-clippy\clippy_lints\src\methods\filter_map_next.rs,3,0.0,39.0
rust-clippy,Rust,D:\clones\rust-clippy\clippy_lints\src\transmute\transmute_int_to_bool.rs,1,2.0,39.0
rust-clippy,Rust,D:\clones\rust-clippy\tests\ui\fn_to_numeric_cast.rs,12,4.0,39.0
rust-clippy,Rust,D:\clones\rust-clippy\tests\ui\fn_to_numeric_cast_32bit.rs,12,4.0,39.0
rust-clippy,Rust,D:\clones\rust-clippy\tests\ui\forget_ref.rs,11,0.0,39.0
rust-clippy,Rust,D:\clones\rust-clippy\tests\ui\indexing_slicing_index.rs,7,2.0,39.0
rust-clippy,Rust,D:\clones\rust-clippy\tests\ui\iter_nth.rs,11,6.0,39.0
rust-clippy,Rust,D:\clones\rust-clippy\tests\ui\mismatched_target_os_unix.rs,20,3.0,39.0
rust-clippy,Rust,D:\clones\rust-clippy\tests\ui\mut_from_ref.rs,12,3.0,39.0
rust-clippy,Rust,D:\clones\rust-clippy\tests\ui\needless_option_as_deref.rs,11,5.0,39.0
rust-clippy,Rust,D:\clones\rust-clippy\tests\ui\no_effect_replace.rs,12,0.0,39.0
rust-clippy,Rust,D:\clones\rust-clippy\tests\ui\panic_in_result_fn_assertions.rs,9,0.0,39.0
rust-clippy,Rust,D:\clones\rust-clippy\clippy_lints\src\copy_iterator.rs,4,20.0,38.0
rust-clippy,Rust,D:\clones\rust-clippy\clippy_lints\src\methods\clone_on_ref_ptr.rs,5,0.0,38.0
rust-clippy,Rust,D:\clones\rust-clippy\clippy_lints\src\methods\unwrap_or_else_default.rs,4,4.0,38.0
rust-clippy,Rust,D:\clones\rust-clippy\clippy_lints\src\mut_mutex_lock.rs,3,29.0,38.0
rust-clippy,Rust,D:\clones\rust-clippy\clippy_lints\src\renamed_lints.rs,1,1.0,38.0
rust-clippy,Rust,D:\clones\rust-clippy\tests\ui\eprint_with_newline.rs,6,5.0,38.0
rust-clippy,Rust,D:\clones\rust-clippy\tests\ui\eq_op_macros.rs,8,10.0,38.0
rust-clippy,Rust,D:\clones\rust-clippy\tests\ui\extend_with_drain.rs,18,4.0,38.0
rust-clippy,Rust,D:\clones\rust-clippy\tests\ui\print_with_newline.rs,7,7.0,38.0
rust-clippy,Rust,D:\clones\rust-clippy\tests\ui\reversed_empty_ranges_loops_fixable.rs,12,7.0,38.0
rust-clippy,Rust,D:\clones\rust-clippy\tests\ui\struct_excessive_bools.rs,6,0.0,38.0
rust-clippy,Rust,D:\clones\rust-clippy\clippy_lints\src\casts\char_lit_as_u8.rs,4,0.0,37.0
rust-clippy,Rust,D:\clones\rust-clippy\clippy_lints\src\integer_division.rs,5,19.0,37.0
rust-clippy,Rust,D:\clones\rust-clippy\clippy_lints\src\methods\filetype_is_file.rs,4,0.0,37.0
rust-clippy,Rust,D:\clones\rust-clippy\clippy_lints\src\methods\filter_next.rs,2,3.0,37.0
rust-clippy,Rust,D:\clones\rust-clippy\clippy_lints\src\methods\ok_expect.rs,5,4.0,37.0
rust-clippy,Rust,D:\clones\rust-clippy\clippy_lints\src\methods\unnecessary_join.rs,2,2.0,37.0
rust-clippy,Rust,D:\clones\rust-clippy\clippy_lints\src\methods\useless_asref.rs,3,5.0,37.0
rust-clippy,Rust,D:\clones\rust-clippy\tests\ui-internal\lint_without_lint_pass.rs,8,0.0,37.0
rust-clippy,Rust,D:\clones\rust-clippy\tests\ui\attrs.rs,8,0.0,37.0
rust-clippy,Rust,D:\clones\rust-clippy\tests\ui\diverging_sub_expression.rs,4,0.0,37.0
rust-clippy,Rust,D:\clones\rust-clippy\tests\ui\empty_loop.rs,10,4.0,37.0
rust-clippy,Rust,D:\clones\rust-clippy\tests\ui\erasing_op.rs,6,0.0,37.0
rust-clippy,Rust,D:\clones\rust-clippy\tests\ui\floating_point_powf.rs,2,3.0,37.0
rust-clippy,Rust,D:\clones\rust-clippy\tests\ui\fn_params_excessive_bools.rs,8,0.0,37.0
rust-clippy,Rust,D:\clones\rust-clippy\tests\ui\from_str_radix_10.rs,10,5.0,37.0
rust-clippy,Rust,D:\clones\rust-clippy\tests\ui\into_iter_on_ref.rs,7,1.0,37.0
rust-clippy,Rust,D:\clones\rust-clippy\tests\ui\transmutes_expressible_as_ptr_casts.rs,17,23.0,37.0
rust-clippy,Rust,D:\clones\rust-clippy\tests\ui\unneeded_wildcard_pattern.rs,7,1.0,37.0
rust-clippy,Rust,D:\clones\rust-clippy\tests\ui\vec_box_sized.rs,13,4.0,37.0
rust-clippy,Rust,D:\clones\rust-clippy\clippy_lints\src\create_dir.rs,3,15.0,36.0
rust-clippy,Rust,D:\clones\rust-clippy\clippy_lints\src\methods\iter_nth.rs,3,0.0,36.0
rust-clippy,Rust,D:\clones\rust-clippy\clippy_lints\src\methods\map_identity.rs,3,0.0,36.0
rust-clippy,Rust,D:\clones\rust-clippy\clippy_lints\src\methods\needless_option_take.rs,4,1.0,36.0
rust-clippy,Rust,D:\clones\rust-clippy\clippy_lints\src\partialeq_ne_impl.rs,3,18.0,36.0
rust-clippy,Rust,D:\clones\rust-clippy\clippy_lints\src\transmute\transmutes_expressible_as_ptr_casts.rs,1,2.0,36.0
rust-clippy,Rust,D:\clones\rust-clippy\tests\ui\for_kv_map.rs,9,5.0,36.0
rust-clippy,Rust,D:\clones\rust-clippy\tests\ui\get_last_with_len.rs,12,1.0,36.0
rust-clippy,Rust,D:\clones\rust-clippy\tests\ui\modulo_arithmetic_integral_const.rs,4,2.0,36.0
rust-clippy,Rust,D:\clones\rust-clippy\tests\ui\serde.rs,11,0.0,36.0
rust-clippy,Rust,D:\clones\rust-clippy\tests\ui\unreadable_literal.rs,8,1.0,36.0
rust-clippy,Rust,D:\clones\rust-clippy\clippy_lints\src\casts\fn_to_numeric_cast_with_truncation.rs,3,1.0,35.0
rust-clippy,Rust,D:\clones\rust-clippy\clippy_lints\src\misc_early\literal_suffix.rs,2,1.0,35.0
rust-clippy,Rust,D:\clones\rust-clippy\clippy_lints\src\unit_types\mod.rs,7,68.0,35.0
rust-clippy,Rust,D:\clones\rust-clippy\clippy_lints\src\utils\dump_hir.rs,6,14.0,35.0
rust-clippy,Rust,D:\clones\rust-clippy\tests\ui-toml\await_holding_invalid_type\await_holding_invalid_type.rs,6,0.0,35.0
rust-clippy,Rust,D:\clones\rust-clippy\tests\ui\crashes\ice-3969.rs,9,6.0,35.0
rust-clippy,Rust,D:\clones\rust-clippy\tests\ui\linkedlist.rs,8,5.0,35.0
rust-clippy,Rust,D:\clones\rust-clippy\tests\ui\map_flatten_fixable.rs,8,24.0,35.0
rust-clippy,Rust,D:\clones\rust-clippy\tests\ui\needless_splitn.rs,9,3.0,35.0
rust-clippy,Rust,D:\clones\rust-clippy\tests\ui\single_char_lifetime_names.rs,5,4.0,35.0
rust-clippy,Rust,D:\clones\rust-clippy\tests\ui\size_of_in_element_count\functions.rs,10,1.0,35.0
rust-clippy,Rust,D:\clones\rust-clippy\tests\ui\unwrap_in_result.rs,5,4.0,35.0
rust-clippy,Rust,D:\clones\rust-clippy\tests\ui\wild_in_or_pats.rs,1,0.0,35.0
rust-clippy,Rust,D:\clones\rust-clippy\clippy_lints\src\methods\unwrap_used.rs,5,1.0,34.0
rust-clippy,Rust,D:\clones\rust-clippy\clippy_lints\src\option_env_unwrap.rs,3,19.0,34.0
rust-clippy,Rust,D:\clones\rust-clippy\clippy_lints\src\transmute\crosspointer_transmute.rs,1,2.0,34.0
rust-clippy,Rust,D:\clones\rust-clippy\clippy_utils\src\msrvs.rs,2,1.0,34.0
rust-clippy,Rust,D:\clones\rust-clippy\tests\ui\cast_lossless_integer.rs,6,7.0,34.0
rust-clippy,Rust,D:\clones\rust-clippy\tests\ui\get_first.rs,7,1.0,34.0
rust-clippy,Rust,D:\clones\rust-clippy\tests\ui\inconsistent_digit_grouping.rs,6,7.0,34.0
rust-clippy,Rust,D:\clones\rust-clippy\tests\ui\literals.rs,7,1.0,34.0
rust-clippy,Rust,D:\clones\rust-clippy\tests\ui\map_unwrap_or_fixable.rs,12,12.0,34.0
rust-clippy,Rust,D:\clones\rust-clippy\tests\ui\or_then_unwrap.rs,11,7.0,34.0
rust-clippy,Rust,D:\clones\rust-clippy\tests\ui\pattern_type_mismatch\pattern_structs.rs,7,4.0,34.0
rust-clippy,Rust,D:\clones\rust-clippy\tests\ui\useless_conversion_try.rs,4,2.0,34.0
rust-clippy,Markdown,D:\clones\rust-clippy\book\src\development\README.md,10,0.0,33.0
rust-clippy,Rust,D:\clones\rust-clippy\clippy_dummy\build.rs,9,0.0,33.0
rust-clippy,Rust,D:\clones\rust-clippy\clippy_lints\src\empty_enum.rs,5,29.0,33.0
rust-clippy,Rust,D:\clones\rust-clippy\clippy_lints\src\transmute\transmute_ptr_to_ptr.rs,1,2.0,33.0
rust-clippy,Rust,D:\clones\rust-clippy\clippy_utils\src\ast_utils\ident_iter.rs,12,0.0,33.0
rust-clippy,Rust,D:\clones\rust-clippy\tests\ui\cast_alignment.rs,8,10.0,33.0
rust-clippy,Rust,D:\clones\rust-clippy\tests\ui\if_let_mutex.rs,6,3.0,33.0
rust-clippy,Rust,D:\clones\rust-clippy\tests\ui\mistyped_literal_suffix.rs,7,3.0,33.0
rust-clippy,Rust,D:\clones\rust-clippy\tests\ui\option_as_ref_deref.rs,12,2.0,33.0
rust-clippy,Rust,D:\clones\rust-clippy\tests\ui\redundant_slicing.rs,11,2.0,33.0
rust-clippy,Rust,D:\clones\rust-clippy\tests\ui\single_char_add_str.rs,9,3.0,33.0
rust-clippy,Rust,D:\clones\rust-clippy\tests\ui\starts_ends_with.rs,6,15.0,33.0
rust-clippy,Rust,D:\clones\rust-clippy\clippy_lints\src\casts\fn_to_numeric_cast.rs,4,1.0,32.0
rust-clippy,Rust,D:\clones\rust-clippy\clippy_lints\src\else_if_without_else.rs,6,34.0,32.0
rust-clippy,Rust,D:\clones\rust-clippy\clippy_lints\src\lib.register_nursery.rs,1,3.0,32.0
rust-clippy,Rust,D:\clones\rust-clippy\clippy_lints\src\lib.register_suspicious.rs,1,3.0,32.0
rust-clippy,Rust,D:\clones\rust-clippy\clippy_lints\src\methods\bytes_nth.rs,2,0.0,32.0
rust-clippy,Rust,D:\clones\rust-clippy\clippy_lints\src\methods\flat_map_option.rs,2,0.0,32.0
rust-clippy,Rust,D:\clones\rust-clippy\clippy_lints\src\methods\needless_option_as_deref.rs,5,0.0,32.0
rust-clippy,Rust,D:\clones\rust-clippy\clippy_lints\src\methods\suspicious_map.rs,2,1.0,32.0
rust-clippy,Rust,D:\clones\rust-clippy\tests\ui-toml\dbg_macro\dbg_macro.rs,6,1.0,32.0
rust-clippy,Rust,D:\clones\rust-clippy\tests\ui-toml\functions_maxlines\test.rs,8,20.0,32.0
rust-clippy,Rust,D:\clones\rust-clippy\tests\ui\cast_lossless_float.rs,6,7.0,32.0
rust-clippy,Rust,D:\clones\rust-clippy\tests\ui\cmp_nan.rs,2,0.0,32.0
rust-clippy,Rust,D:\clones\rust-clippy\tests\ui\ifs_same_cond.rs,8,6.0,32.0
rust-clippy,Rust,D:\clones\rust-clippy\tests\ui\macro_use_imports.rs,9,6.0,32.0
rust-clippy,Rust,D:\clones\rust-clippy\tests\ui\neg_cmp_op_on_partial_ord.rs,13,17.0,32.0
rust-clippy,Rust,D:\clones\rust-clippy\tests\ui\panic_in_result_fn_debug_assertions.rs,10,1.0,32.0
rust-clippy,Rust,D:\clones\rust-clippy\tests\ui\redundant_static_lifetimes.rs,23,1.0,32.0
rust-clippy,Rust,D:\clones\rust-clippy\tests\ui\unit_return_expecting_ord.rs,4,0.0,32.0
rust-clippy,Rust,D:\clones\rust-clippy\tests\ui\vtable_address_comparisons.rs,10,2.0,32.0
rust-clippy,Python,D:\clones\rust-clippy\util\versions.py,12,0.0,32.0
rust-clippy,Markdown,D:\clones\rust-clippy\book\src\development\infrastructure\book.md,11,0.0,31.0
rust-clippy,Rust,D:\clones\rust-clippy\clippy_lints\src\misc_early\mixed_case_hex_literals.rs,2,1.0,31.0
rust-clippy,Rust,D:\clones\rust-clippy\clippy_lints\src\needless_update.rs,3,36.0,31.0
rust-clippy,Rust,D:\clones\rust-clippy\clippy_lints\src\single_char_lifetime_names.rs,4,28.0,31.0
rust-clippy,Rust,D:\clones\rust-clippy\tests\ui\cast_size.rs,0,4.0,31.0
rust-clippy,Rust,D:\clones\rust-clippy\tests\ui\cast_size_32bit.rs,0,4.0,31.0
rust-clippy,Rust,D:\clones\rust-clippy\tests\ui\invalid_null_ptr_usage.rs,17,1.0,31.0
rust-clippy,Rust,D:\clones\rust-clippy\tests\ui\needless_bitwise_bool.rs,7,2.0,31.0
rust-clippy,Rust,D:\clones\rust-clippy\tests\ui\ref_option_ref.rs,12,4.0,31.0
rust-clippy,Rust,D:\clones\rust-clippy\tests\ui\write_literal.rs,6,6.0,31.0
rust-clippy,TOML,D:\clones\rust-clippy\clippy_lints\Cargo.toml,3,4.0,30.0
rust-clippy,Rust,D:\clones\rust-clippy\clippy_lints\src\methods\expect_used.rs,5,1.0,30.0
rust-clippy,Rust,D:\clones\rust-clippy\tests\ui-internal\match_type_on_diag_item.rs,9,0.0,30.0
rust-clippy,Rust,D:\clones\rust-clippy\tests\ui-toml\strict_non_send_fields_in_send_ty\test.rs,11,2.0,30.0
rust-clippy,Rust,D:\clones\rust-clippy\tests\ui-toml\upper_case_acronyms_aggressive\upper_case_acronyms.rs,9,5.0,30.0
rust-clippy,Rust,D:\clones\rust-clippy\tests\ui\author\struct.rs,10,0.0,30.0
rust-clippy,Rust,D:\clones\rust-clippy\tests\ui\box_collection.rs,11,3.0,30.0
rust-clippy,Rust,D:\clones\rust-clippy\tests\ui\needless_borrowed_ref.rs,5,10.0,30.0
rust-clippy,Rust,D:\clones\rust-clippy\tests\ui\patterns.rs,4,2.0,30.0
rust-clippy,Rust,D:\clones\rust-clippy\tests\ui\range_plus_minus_one.rs,10,2.0,30.0
rust-clippy,Rust,D:\clones\rust-clippy\tests\ui\repl_uninit.rs,7,4.0,30.0
rust-clippy,Rust,D:\clones\rust-clippy\tests\ui\result_map_unit_fn_unfixable.rs,12,4.0,30.0
rust-clippy,Rust,D:\clones\rust-clippy\tests\ui\unicode.rs,4,2.0,30.0
rust-clippy,Rust,D:\clones\rust-clippy\tests\ui\unnecessary_fold.rs,8,14.0,30.0
rust-clippy,Rust,D:\clones\rust-clippy\tests\ui\unnested_or_patterns.rs,3,2.0,30.0
rust-clippy,Rust,D:\clones\rust-clippy\clippy_lints\src\as_conversions.rs,4,32.0,29.0
rust-clippy,Rust,D:\clones\rust-clippy\clippy_lints\src\casts\fn_to_numeric_cast_any.rs,4,1.0,29.0
rust-clippy,Rust,D:\clones\rust-clippy\clippy_lints\src\exit.rs,3,14.0,29.0
rust-clippy,Rust,D:\clones\rust-clippy\clippy_lints\src\self_assignment.rs,3,24.0,29.0
rust-clippy,Rust,D:\clones\rust-clippy\tests\ui-internal\invalid_msrv_attr_impl.rs,8,1.0,29.0
rust-clippy,Rust,D:\clones\rust-clippy\tests\ui-toml\toml_disallowed_types\conf_disallowed_types.rs,13,0.0,29.0
rust-clippy,Rust,D:\clones\rust-clippy\tests\ui\asm_syntax.rs,3,2.0,29.0
rust-clippy,Rust,D:\clones\rust-clippy\tests\ui\assertions_on_constants.rs,8,2.0,29.0
rust-clippy,Rust,D:\clones\rust-clippy\tests\ui\author\loop.rs,7,0.0,29.0
rust-clippy,Rust,D:\clones\rust-clippy\tests\ui\indexing_slicing_slice.rs,6,2.0,29.0
rust-clippy,Rust,D:\clones\rust-clippy\tests\ui\neg_multiply.rs,15,1.0,29.0
rust-clippy,Rust,D:\clones\rust-clippy\tests\ui\numbered_fields.rs,10,7.0,29.0
rust-clippy,Rust,D:\clones\rust-clippy\tests\ui\toplevel_ref_arg.rs,14,7.0,29.0
rust-clippy,Rust,D:\clones\rust-clippy\tests\ui\transmute_ptr_to_ref.rs,12,0.0,29.0
rust-clippy,Rust,D:\clones\rust-clippy\clippy_lints\src\mem_forget.rs,4,14.0,28.0
rust-clippy,Rust,D:\clones\rust-clippy\clippy_lints\src\methods\iter_cloned_collect.rs,3,0.0,28.0
rust-clippy,Rust,D:\clones\rust-clippy\clippy_lints\src\methods\iter_nth_zero.rs,2,0.0,28.0
rust-clippy,Rust,D:\clones\rust-clippy\clippy_lints\src\misc_early\redundant_pattern.rs,3,0.0,28.0
rust-clippy,Rust,D:\clones\rust-clippy\clippy_lints\src\temporary_assignment.rs,4,12.0,28.0
rust-clippy,Rust,D:\clones\rust-clippy\tests\ui\cast_lossless_bool.rs,7,7.0,28.0
rust-clippy,Rust,D:\clones\rust-clippy\tests\ui\iter_skip_next.rs,5,4.0,28.0
rust-clippy,Rust,D:\clones\rust-clippy\tests\ui\lossy_float_literal.rs,3,4.0,28.0
rust-clippy,Rust,D:\clones\rust-clippy\tests\ui\print_literal.rs,4,6.0,28.0
rust-clippy,Rust,D:\clones\rust-clippy\tests\ui\unseparated_prefix_literals.rs,8,6.0,28.0
rust-clippy,Rust,D:\clones\rust-clippy\tests\ui\upper_case_acronyms.rs,8,5.0,28.0
rust-clippy,Markdown,D:\clones\rust-clippy\book\src\README.md,7,0.0,27.0
rust-clippy,Rust,D:\clones\rust-clippy\clippy_lints\src\lib.register_perf.rs,1,3.0,27.0
rust-clippy,Rust,D:\clones\rust-clippy\clippy_lints\src\loops\explicit_into_iter_loop.rs,2,0.0,27.0
rust-clippy,Rust,D:\clones\rust-clippy\clippy_lints\src\matches\rest_pat_in_fully_bound_struct.rs,3,0.0,27.0
rust-clippy,Rust,D:\clones\rust-clippy\clippy_lints\src\misc_early\zero_prefixed_literal.rs,2,0.0,27.0
rust-clippy,Rust,D:\clones\rust-clippy\clippy_lints\src\types\rc_mutex.rs,3,0.0,27.0
rust-clippy,TOML,D:\clones\rust-clippy\lintcheck\lintcheck_crates.toml,0,8.0,27.0
rust-clippy,Rust,D:\clones\rust-clippy\tests\ui\find_map.rs,6,0.0,27.0
rust-clippy,Rust,D:\clones\rust-clippy\tests\ui\if_not_else.rs,2,0.0,27.0
rust-clippy,Rust,D:\clones\rust-clippy\tests\ui\iter_overeager_cloned.rs,18,11.0,27.0
rust-clippy,Rust,D:\clones\rust-clippy\tests\ui\large_digit_groups.rs,2,2.0,27.0
rust-clippy,Rust,D:\clones\rust-clippy\tests\ui\manual_ok_or.rs,8,9.0,27.0
rust-clippy,Rust,D:\clones\rust-clippy\tests\ui\mut_reference.rs,11,5.0,27.0
rust-clippy,Rust,D:\clones\rust-clippy\tests\ui\needless_arbitrary_self_type_unfixable.rs,12,7.0,27.0
rust-clippy,Rust,D:\clones\rust-clippy\tests\ui\ptr_eq.rs,9,2.0,27.0
rust-clippy,Rust,D:\clones\rust-clippy\tests\ui\stable_sort_primitive.rs,1,4.0,27.0
rust-clippy,Rust,D:\clones\rust-clippy\tests\ui\transmute_collection.rs,9,14.0,27.0
rust-clippy,Rust,D:\clones\rust-clippy\tests\ui\unnecessary_join.rs,5,5.0,27.0
rust-clippy,Rust,D:\clones\rust-clippy\clippy_lints\src\pub_use.rs,2,28.0,26.0
rust-clippy,Rust,D:\clones\rust-clippy\clippy_lints\src\types\option_option.rs,2,0.0,26.0
rust-clippy,Rust,D:\clones\rust-clippy\tests\ui\case_sensitive_file_extension_comparisons.rs,11,7.0,26.0
rust-clippy,Rust,D:\clones\rust-clippy\tests\ui\crashes\auxiliary\proc_macro_crash.rs,6,6.0,26.0
rust-clippy,Rust,D:\clones\rust-clippy\tests\ui\drop_non_drop.rs,7,7.0,26.0
rust-clippy,Rust,D:\clones\rust-clippy\tests\ui\floating_point_mul_add.rs,8,3.0,26.0
rust-clippy,Rust,D:\clones\rust-clippy\tests\ui\inefficient_to_string.rs,4,1.0,26.0
rust-clippy,Rust,D:\clones\rust-clippy\tests\ui\large_const_arrays.rs,6,5.0,26.0
rust-clippy,Rust,D:\clones\rust-clippy\tests\ui\large_stack_arrays.rs,4,0.0,26.0
rust-clippy,Rust,D:\clones\rust-clippy\tests\ui\redundant_closure_call_late.rs,8,6.0,26.0
rust-clippy,Markdown,D:\clones\rust-clippy\.github\PULL_REQUEST_TEMPLATE.md,10,0.0,25.0
rust-clippy,Rust,D:\clones\rust-clippy\clippy_lints\src\methods\flat_map_identity.rs,2,1.0,25.0
rust-clippy,Rust,D:\clones\rust-clippy\clippy_lints\src\methods\single_char_insert_string.rs,2,1.0,25.0
rust-clippy,Rust,D:\clones\rust-clippy\tests\ui\auxiliary\proc_macro_with_span.rs,5,2.0,25.0
rust-clippy,Rust,D:\clones\rust-clippy\tests\ui\cast_ref_to_mut.rs,2,4.0,25.0
rust-clippy,Rust,D:\clones\rust-clippy\tests\ui\decimal_literal_representation.rs,1,1.0,25.0
rust-clippy,Rust,D:\clones\rust-clippy\tests\ui\option_map_unit_fn_unfixable.rs,10,4.0,25.0
rust-clippy,Rust,D:\clones\rust-clippy\tests\ui\single_component_path_imports.rs,6,2.0,25.0
rust-clippy,TOML,D:\clones\rust-clippy\book\book.toml,4,0.0,24.0
rust-clippy,Rust,D:\clones\rust-clippy\clippy_lints\src\cargo\wildcard_dependencies.rs,2,1.0,24.0
rust-clippy,Rust,D:\clones\rust-clippy\clippy_lints\src\casts\cast_ref_to_mut.rs,2,0.0,24.0
rust-clippy,Rust,D:\clones\rust-clippy\clippy_lints\src\methods\single_char_push_string.rs,2,1.0,24.0
rust-clippy,Rust,D:\clones\rust-clippy\clippy_utils\src\comparisons.rs,4,8.0,24.0
rust-clippy,Rust,D:\clones\rust-clippy\tests\ui\cast_abs_to_unsigned.rs,4,1.0,24.0
rust-clippy,Rust,D:\clones\rust-clippy\tests\ui\overflow_check_conditional.rs,1,0.0,24.0
rust-clippy,Rust,D:\clones\rust-clippy\tests\ui\print.rs,10,1.0,24.0
rust-clippy,Rust,D:\clones\rust-clippy\tests\ui\rc_mutex.rs,8,4.0,24.0
rust-clippy,Rust,D:\clones\rust-clippy\tests\ui\write_literal_2.rs,3,0.0,24.0
rust-clippy,Bourne Shell,D:\clones\rust-clippy\.github\driver.sh,9,7.0,23.0
rust-clippy,Rust,D:\clones\rust-clippy\clippy_lints\src\methods\uninit_assumed_init.rs,2,1.0,23.0
rust-clippy,Rust,D:\clones\rust-clippy\tests\check-fmt.rs,5,0.0,23.0
rust-clippy,Rust,D:\clones\rust-clippy\tests\ui-internal\default_lint.rs,5,0.0,23.0
rust-clippy,Rust,D:\clones\rust-clippy\tests\ui-toml\expect_used\expect_used.rs,5,1.0,23.0
rust-clippy,Rust,D:\clones\rust-clippy\tests\ui\crashes\ice-8850.rs,4,0.0,23.0
rust-clippy,Rust,D:\clones\rust-clippy\tests\ui\double_must_use.rs,5,0.0,23.0
rust-clippy,Rust,D:\clones\rust-clippy\tests\ui\float_equality_without_abs.rs,6,2.0,23.0
rust-clippy,Rust,D:\clones\rust-clippy\tests\ui\iter_nth_zero.rs,7,1.0,23.0
rust-clippy,Rust,D:\clones\rust-clippy\tests\ui\logic_bug.rs,2,1.0,23.0
rust-clippy,Rust,D:\clones\rust-clippy\tests\ui\needless_collect.rs,7,6.0,23.0
rust-clippy,Rust,D:\clones\rust-clippy\tests\ui\option_filter_map.rs,3,1.0,23.0
rust-clippy,Rust,D:\clones\rust-clippy\tests\ui\string_extend.rs,8,1.0,23.0
rust-clippy,Rust,D:\clones\rust-clippy\tests\ui\strlen_on_c_strings.rs,8,3.0,23.0
rust-clippy,Rust,D:\clones\rust-clippy\tests\ui\toplevel_ref_arg_non_rustfix.rs,7,3.0,23.0
rust-clippy,Rust,D:\clones\rust-clippy\tests\ui\transmuting_null.rs,4,3.0,23.0
rust-clippy,Rust,D:\clones\rust-clippy\tests\ui\wrong_self_conventions_mut.rs,4,2.0,23.0
rust-clippy,TOML,D:\clones\rust-clippy\lintcheck\Cargo.toml,2,0.0,22.0
rust-clippy,Rust,D:\clones\rust-clippy\tests\ui-internal\outer_expn_data.rs,6,1.0,22.0
rust-clippy,Rust,D:\clones\rust-clippy\tests\ui\auxiliary\wildcard_imports_helper.rs,5,0.0,22.0
rust-clippy,Rust,D:\clones\rust-clippy\tests\ui\cfg_attr_rustfmt.rs,7,2.0,22.0
rust-clippy,Rust,D:\clones\rust-clippy\tests\ui\crashes\ice-7410.rs,7,3.0,22.0
rust-clippy,Rust,D:\clones\rust-clippy\tests\ui\crate_level_checks\no_std_main_recursion.rs,8,3.0,22.0
rust-clippy,Rust,D:\clones\rust-clippy\tests\ui\declare_interior_mutable_const\others.rs,8,4.0,22.0
rust-clippy,Rust,D:\clones\rust-clippy\tests\ui\def_id_nocore.rs,7,2.0,22.0
rust-clippy,Rust,D:\clones\rust-clippy\tests\ui\issue_4266.rs,8,8.0,22.0
rust-clippy,Rust,D:\clones\rust-clippy\tests\ui\map_identity.rs,2,3.0,22.0
rust-clippy,Rust,D:\clones\rust-clippy\tests\ui\modulo_arithmetic_float.rs,4,3.0,22.0
rust-clippy,Rust,D:\clones\rust-clippy\tests\ui\single_element_loop.rs,6,2.0,22.0
rust-clippy,Markdown,D:\clones\rust-clippy\book\src\SUMMARY.md,2,0.0,21.0
rust-clippy,Rust,D:\clones\rust-clippy\clippy_lints\src\matches\wild_in_or_pats.rs,2,1.0,21.0
rust-clippy,Rust,D:\clones\rust-clippy\clippy_lints\src\types\utils.rs,1,0.0,21.0
rust-clippy,Rust,D:\clones\rust-clippy\tests\ui\cmp_owned\comparison_flip.rs,7,1.0,21.0
rust-clippy,Rust,D:\clones\rust-clippy\tests\ui\crashes\issues_loop_mut_cond.rs,4,3.0,21.0
rust-clippy,Rust,D:\clones\rust-clippy\tests\ui\deref_by_slicing.rs,8,1.0,21.0
rust-clippy,Rust,D:\clones\rust-clippy\tests\ui\enum_glob_use.rs,8,1.0,21.0
rust-clippy,Rust,D:\clones\rust-clippy\tests\ui\index_refutable_slice\slice_indexing_in_macro.rs,4,3.0,21.0
rust-clippy,Rust,D:\clones\rust-clippy\tests\ui\let_underscore_drop.rs,6,1.0,21.0
rust-clippy,Rust,D:\clones\rust-clippy\tests\ui\needless_update.rs,4,0.0,21.0
rust-clippy,Rust,D:\clones\rust-clippy\tests\ui\non_octal_unix_permissions.rs,6,6.0,21.0
rust-clippy,Rust,D:\clones\rust-clippy\tests\ui\ok_expect.rs,4,2.0,21.0
rust-clippy,Rust,D:\clones\rust-clippy\tests\ui\partialeq_ne_impl.rs,5,0.0,21.0
rust-clippy,Rust,D:\clones\rust-clippy\tests\ui\unit_hash.rs,7,0.0,21.0
rust-clippy,Rust,D:\clones\rust-clippy\tests\ui\verbose_file_reads.rs,3,4.0,21.0
rust-clippy,Rust,D:\clones\rust-clippy\clippy_lints\src\loops\iter_next_loop.rs,1,0.0,20.0
rust-clippy,Rust,D:\clones\rust-clippy\clippy_lints\src\methods\filter_map_identity.rs,2,0.0,20.0
rust-clippy,Rust,D:\clones\rust-clippy\clippy_lints\src\methods\inspect_for_each.rs,2,1.0,20.0
rust-clippy,Rust,D:\clones\rust-clippy\clippy_lints\src\types\linked_list.rs,2,0.0,20.0
rust-clippy,Rust,D:\clones\rust-clippy\tests\ui-internal\interning_defined_symbol.rs,10,7.0,20.0
rust-clippy,Rust,D:\clones\rust-clippy\tests\ui\crashes\cc_seme.rs,6,1.0,20.0
rust-clippy,Rust,D:\clones\rust-clippy\tests\ui\crashes\ice-1782.rs,3,3.0,20.0
rust-clippy,Rust,D:\clones\rust-clippy\tests\ui\crashes\issue-825.rs,3,2.0,20.0
rust-clippy,Rust,D:\clones\rust-clippy\tests\ui\double_comparison.rs,1,9.0,20.0
rust-clippy,Rust,D:\clones\rust-clippy\tests\ui\issue_2356.rs,5,1.0,20.0
rust-clippy,Rust,D:\clones\rust-clippy\tests\ui\iter_cloned_collect.rs,7,5.0,20.0
rust-clippy,Rust,D:\clones\rust-clippy\tests\ui\let_underscore_lock.rs,7,0.0,20.0
rust-clippy,Rust,D:\clones\rust-clippy\tests\ui\map_err.rs,7,2.0,20.0
rust-clippy,Rust,D:\clones\rust-clippy\tests\ui\option_env_unwrap.rs,3,1.0,20.0
rust-clippy,Rust,D:\clones\rust-clippy\tests\ui\suspicious_map.rs,7,5.0,20.0
rust-clippy,Rust,D:\clones\rust-clippy\tests\ui\transmute_float_to_int.rs,5,0.0,20.0
rust-clippy,Rust,D:\clones\rust-clippy\tests\ui\unit_arg_empty_blocks.rs,6,1.0,20.0
rust-clippy,Rust,D:\clones\rust-clippy\clippy_lints\src\casts\cast_enum_constructor.rs,2,0.0,19.0
rust-clippy,Rust,D:\clones\rust-clippy\clippy_lints\src\methods\iterator_step_by_zero.rs,2,0.0,19.0
rust-clippy,Rust,D:\clones\rust-clippy\clippy_lints\src\transmute\wrong_transmute.rs,1,2.0,19.0
rust-clippy,Rust,D:\clones\rust-clippy\tests\ui\assign_ops.rs,1,1.0,19.0
rust-clippy,Rust,D:\clones\rust-clippy\tests\ui\author\blocks.rs,4,1.0,19.0
rust-clippy,Rust,D:\clones\rust-clippy\tests\ui\branches_sharing_code\false_positives.rs,6,3.0,19.0
rust-clippy,Rust,D:\clones\rust-clippy\tests\ui\bytes_count_to_len.rs,9,6.0,19.0
rust-clippy,Rust,D:\clones\rust-clippy\tests\ui\crashes\ice-2499.rs,4,3.0,19.0
rust-clippy,Rust,D:\clones\rust-clippy\tests\ui\crashes\ice-6840.rs,6,6.0,19.0
rust-clippy,Rust,D:\clones\rust-clippy\tests\ui\crashes\inherent_impl.rs,6,1.0,19.0
rust-clippy,Rust,D:\clones\rust-clippy\tests\ui\crashes\returns.rs,3,1.0,19.0
rust-clippy,Rust,D:\clones\rust-clippy\tests\ui\empty_drop.rs,7,4.0,19.0
rust-clippy,Rust,D:\clones\rust-clippy\tests\ui\floating_point_rad.rs,2,4.0,19.0
rust-clippy,Rust,D:\clones\rust-clippy\tests\ui\issue-7447.rs,6,0.0,19.0
rust-clippy,Rust,D:\clones\rust-clippy\tests\ui\iterator_step_by_zero.rs,6,3.0,19.0
rust-clippy,Rust,D:\clones\rust-clippy\tests\ui\modulo_one.rs,4,0.0,19.0
rust-clippy,Rust,D:\clones\rust-clippy\tests\ui\proc_macro.rs,6,1.0,19.0
rust-clippy,Rust,D:\clones\rust-clippy\tests\ui\rc_buffer.rs,4,5.0,19.0
rust-clippy,Rust,D:\clones\rust-clippy\tests\ui\size_of_in_element_count\expressions.rs,10,8.0,19.0
rust-clippy,Rust,D:\clones\rust-clippy\tests\ui\unnecessary_find_map.rs,4,0.0,19.0
rust-clippy,Markdown,D:\clones\rust-clippy\book\src\continuous_integration\travis.md,2,0.0,18.0
rust-clippy,Rust,D:\clones\rust-clippy\clippy_lints\src\methods\skip_while_next.rs,2,2.0,18.0
rust-clippy,Rust,D:\clones\rust-clippy\tests\ui\clone_on_copy_impl.rs,4,0.0,18.0
rust-clippy,Rust,D:\clones\rust-clippy\tests\ui\crashes\ice-2774.rs,6,3.0,18.0
rust-clippy,Rust,D:\clones\rust-clippy\tests\ui\duration_subsec.rs,7,4.0,18.0
rust-clippy,Rust,D:\clones\rust-clippy\tests\ui\option_map_or_none.rs,4,6.0,18.0
rust-clippy,Rust,D:\clones\rust-clippy\tests\ui\out_of_bounds_indexing\simple.rs,4,0.0,18.0
rust-clippy,Rust,D:\clones\rust-clippy\tests\ui\pattern_type_mismatch\pattern_alternatives.rs,4,2.0,18.0
rust-clippy,Rust,D:\clones\rust-clippy\tests\ui\rc_buffer_arc.rs,4,5.0,18.0
rust-clippy,Rust,D:\clones\rust-clippy\tests\ui\skip_while_next.rs,7,4.0,18.0
rust-clippy,Rust,D:\clones\rust-clippy\tests\ui\suspicious_splitn.rs,3,0.0,18.0
rust-clippy,Rust,D:\clones\rust-clippy\tests\ui\undropped_manually_drops.rs,5,3.0,18.0
rust-clippy,Rust,D:\clones\rust-clippy\tests\ui\unneeded_field_pattern.rs,4,0.0,18.0
rust-clippy,Rust,D:\clones\rust-clippy\tests\ui\unsafe_removed_from_name.rs,7,2.0,18.0
rust-clippy,Bourne Shell,D:\clones\rust-clippy\util\fetch_prs_between.sh,4,5.0,18.0
rust-clippy,Markdown,D:\clones\rust-clippy\book\src\continuous_integration\github_actions.md,4,0.0,17.0
rust-clippy,TOML,D:\clones\rust-clippy\clippy_dev\Cargo.toml,3,1.0,17.0
rust-clippy,Rust,D:\clones\rust-clippy\clippy_lints\src\lib.register_internal.rs,1,3.0,17.0
rust-clippy,Rust,D:\clones\rust-clippy\clippy_lints\src\misc_early\builtin_type_shadow.rs,2,0.0,17.0
rust-clippy,Rust,D:\clones\rust-clippy\tests\ui-internal\unnecessary_symbol_str.rs,3,1.0,17.0
rust-clippy,Rust,D:\clones\rust-clippy\tests\ui-toml\max_suggested_slice_pattern_length\index_refutable_slice.rs,3,3.0,17.0
rust-clippy,Rust,D:\clones\rust-clippy\tests\ui\borrow_as_ptr_no_std.rs,4,1.0,17.0
rust-clippy,Rust,D:\clones\rust-clippy\tests\ui\copy_iterator.rs,4,0.0,17.0
rust-clippy,Rust,D:\clones\rust-clippy\tests\ui\crashes\ice-3462.rs,5,1.0,17.0
rust-clippy,Rust,D:\clones\rust-clippy\tests\ui\crashes\ice-4671.rs,4,0.0,17.0
rust-clippy,Rust,D:\clones\rust-clippy\tests\ui\deprecated.rs,2,3.0,17.0
rust-clippy,Rust,D:\clones\rust-clippy\tests\ui\forget_non_drop.rs,5,5.0,17.0
rust-clippy,Rust,D:\clones\rust-clippy\tests\ui\inspect_for_each.rs,5,0.0,17.0
rust-clippy,Rust,D:\clones\rust-clippy\tests\ui\mem_forget.rs,6,0.0,17.0
rust-clippy,Rust,D:\clones\rust-clippy\tests\ui\missing_inline_proc_macro.rs,6,0.0,17.0
rust-clippy,Rust,D:\clones\rust-clippy\tests\ui\module_inception.rs,3,1.0,17.0
rust-clippy,Rust,D:\clones\rust-clippy\tests\ui\octal_escapes.rs,2,1.0,17.0
rust-clippy,Rust,D:\clones\rust-clippy\tests\ui\string_add.rs,7,2.0,17.0
rust-clippy,Rust,D:\clones\rust-clippy\tests\ui\string_lit_as_bytes.rs,11,2.0,17.0
rust-clippy,Rust,D:\clones\rust-clippy\tests\ui\swap_ptr_to_ref.rs,6,1.0,17.0
rust-clippy,Rust,D:\clones\rust-clippy\tests\ui\zero_offset.rs,2,0.0,17.0
rust-clippy,Markdown,D:\clones\rust-clippy\book\src\installation.md,8,0.0,16.0
rust-clippy,Rust,D:\clones\rust-clippy\build.rs,0,3.0,16.0
rust-clippy,Rust,D:\clones\rust-clippy\clippy_lints\src\loops\empty_loop.rs,2,0.0,16.0
rust-clippy,Rust,D:\clones\rust-clippy\clippy_lints\src\methods\zst_offset.rs,2,0.0,16.0
rust-clippy,Rust,D:\clones\rust-clippy\clippy_lints\src\misc_early\double_neg.rs,2,0.0,16.0
rust-clippy,TOML,D:\clones\rust-clippy\tests\ui-cargo\feature_name\fail\Cargo.toml,4,1.0,16.0
rust-clippy,Rust,D:\clones\rust-clippy\tests\ui-toml\lint_decimal_readability\test.rs,5,2.0,16.0
rust-clippy,Rust,D:\clones\rust-clippy\tests\ui-toml\toml_blacklist\conf_french_blacklisted_name.rs,4,0.0,16.0
rust-clippy,Rust,D:\clones\rust-clippy\tests\ui-toml\toml_disallowed_methods\conf_disallowed_methods.rs,7,0.0,16.0
rust-clippy,Rust,D:\clones\rust-clippy\tests\ui\bind_instead_of_map.rs,4,5.0,16.0
rust-clippy,Rust,D:\clones\rust-clippy\tests\ui\empty_loop_no_std.rs,5,6.0,16.0
rust-clippy,Rust,D:\clones\rust-clippy\tests\ui\empty_structs_with_brackets.rs,5,4.0,16.0
rust-clippy,Rust,D:\clones\rust-clippy\tests\ui\floating_point_powi.rs,2,2.0,16.0
rust-clippy,Rust,D:\clones\rust-clippy\tests\ui\iter_skip_next_unfixable.rs,1,2.0,16.0
rust-clippy,Rust,D:\clones\rust-clippy\tests\ui\mem_replace_macro.rs,4,1.0,16.0
rust-clippy,Rust,D:\clones\rust-clippy\tests\ui\missing_spin_loop.rs,8,4.0,16.0
rust-clippy,Rust,D:\clones\rust-clippy\tests\ui\missing_spin_loop_no_std.rs,4,3.0,16.0
rust-clippy,Rust,D:\clones\rust-clippy\tests\ui\must_use_unit.rs,7,3.0,16.0
rust-clippy,Rust,D:\clones\rust-clippy\tests\ui\mutex_atomic.rs,1,0.0,16.0
rust-clippy,Rust,D:\clones\rust-clippy\tests\ui\needless_pass_by_value_proc_macro.rs,5,0.0,16.0
rust-clippy,Rust,D:\clones\rust-clippy\tests\ui\reversed_empty_ranges_fixable.rs,9,4.0,16.0
rust-clippy,Rust,D:\clones\rust-clippy\tests\ui\unnecessary_lazy_eval_unfixable.rs,4,2.0,16.0
rust-clippy,Markdown,D:\clones\rust-clippy\book\src\development\infrastructure\README.md,4,0.0,15.0
rust-clippy,Rust,D:\clones\rust-clippy\tests\ui\bytecount.rs,11,0.0,15.0
rust-clippy,Rust,D:\clones\rust-clippy\tests\ui\cmp_null.rs,2,0.0,15.0
rust-clippy,Rust,D:\clones\rust-clippy\tests\ui\comparison_to_empty.rs,5,3.0,15.0
rust-clippy,Rust,D:\clones\rust-clippy\tests\ui\crashes\auxiliary\use_self_macro.rs,0,0.0,15.0
rust-clippy,Rust,D:\clones\rust-clippy\tests\ui\crashes\ice-6793.rs,6,2.0,15.0
rust-clippy,Rust,D:\clones\rust-clippy\tests\ui\filter_map_next.rs,2,0.0,15.0
rust-clippy,Rust,D:\clones\rust-clippy\tests\ui\mismatched_target_os_non_unix.rs,8,4.0,15.0
rust-clippy,Rust,D:\clones\rust-clippy\tests\ui\mut_mutex_lock.rs,5,1.0,15.0
rust-clippy,Rust,D:\clones\rust-clippy\tests\ui\ptr_offset_with_cast.rs,4,1.0,15.0
rust-clippy,Rust,D:\clones\rust-clippy\tests\ui\suspicious_unary_op_formatting.rs,6,2.0,15.0
rust-clippy,Rust,D:\clones\rust-clippy\tests\ui\swap_ptr_to_ref_unfixable.rs,3,0.0,15.0
rust-clippy,Markdown,D:\clones\rust-clippy\book\src\continuous_integration\README.md,4,0.0,14.0
rust-clippy,Rust,D:\clones\rust-clippy\clippy_dev\src\setup\mod.rs,3,6.0,14.0
rust-clippy,TOML,D:\clones\rust-clippy\clippy_utils\Cargo.toml,3,1.0,14.0
rust-clippy,Rust,D:\clones\rust-clippy\tests\ui-toml\missing_enforced_import_rename\conf_missing_enforced_import_rename.rs,2,0.0,14.0
rust-clippy,Rust,D:\clones\rust-clippy\tests\ui\author\if.rs,3,0.0,14.0
rust-clippy,Rust,D:\clones\rust-clippy\tests\ui\cast_enum_constructor.rs,3,0.0,14.0
rust-clippy,Rust,D:\clones\rust-clippy\tests\ui\crashes\ice-2760.rs,5,4.0,14.0
rust-clippy,Rust,D:\clones\rust-clippy\tests\ui\crashes\ice-5579.rs,3,0.0,14.0
rust-clippy,Rust,D:\clones\rust-clippy\tests\ui\crashes\ice-7012.rs,3,0.0,14.0
rust-clippy,Rust,D:\clones\rust-clippy\tests\ui\crashes\needless_lifetimes_impl_trait.rs,6,0.0,14.0
rust-clippy,Rust,D:\clones\rust-clippy\tests\ui\deref_addrof_double_trigger.rs,4,5.0,14.0
rust-clippy,Rust,D:\clones\rust-clippy\tests\ui\fn_address_comparisons.rs,4,2.0,14.0
rust-clippy,Rust,D:\clones\rust-clippy\tests\ui\from_over_into.rs,5,2.0,14.0
rust-clippy,Rust,D:\clones\rust-clippy\tests\ui\range.rs,2,0.0,14.0
rust-clippy,Rust,D:\clones\rust-clippy\tests\ui\repeat_once.rs,1,1.0,14.0
rust-clippy,Rust,D:\clones\rust-clippy\tests\ui\single_component_path_imports_macro.rs,4,2.0,14.0
rust-clippy,Rust,D:\clones\rust-clippy\tests\ui\string_add_assign.rs,5,2.0,14.0
rust-clippy,Rust,D:\clones\rust-clippy\tests\ui\unnested_or_patterns2.rs,2,1.0,14.0
rust-clippy,TOML,D:\clones\rust-clippy\clippy_dummy\Cargo.toml,3,0.0,13.0
rust-clippy,Rust,D:\clones\rust-clippy\clippy_lints\src\methods\single_char_add_str.rs,1,0.0,13.0
rust-clippy,TOML,D:\clones\rust-clippy\rustc_tools_util\Cargo.toml,2,0.0,13.0
rust-clippy,TOML,D:\clones\rust-clippy\tests\ui-toml\toml_disallowed_types\clippy.toml,0,2.0,13.0
rust-clippy,Rust,D:\clones\rust-clippy\tests\ui\as_conversions.rs,6,1.0,13.0
rust-clippy,Rust,D:\clones\rust-clippy\tests\ui\checked_unwrap\complex_conditionals_nested.rs,2,0.0,13.0
rust-clippy,Rust,D:\clones\rust-clippy\tests\ui\cognitive_complexity_attr_used.rs,2,0.0,13.0
rust-clippy,Rust,D:\clones\rust-clippy\tests\ui\crashes\ice-2594.rs,4,3.0,13.0
rust-clippy,Rust,D:\clones\rust-clippy\tests\ui\crashes\ice-4968.rs,6,2.0,13.0
rust-clippy,Rust,D:\clones\rust-clippy\tests\ui\crashes\ice-6179.rs,6,2.0,13.0
rust-clippy,Rust,D:\clones\rust-clippy\tests\ui\crashes\match_same_arms_const.rs,4,1.0,13.0
rust-clippy,Rust,D:\clones\rust-clippy\tests\ui\exit1.rs,2,0.0,13.0
rust-clippy,Rust,D:\clones\rust-clippy\tests\ui\expect.rs,3,0.0,13.0
rust-clippy,Rust,D:\clones\rust-clippy\tests\ui\filter_map_identity.rs,5,1.0,13.0
rust-clippy,Rust,D:\clones\rust-clippy\tests\ui\floating_point_exp.rs,2,3.0,13.0
rust-clippy,Rust,D:\clones\rust-clippy\tests\ui\floating_point_logbase.rs,1,2.0,13.0
rust-clippy,Rust,D:\clones\rust-clippy\tests\ui\inline_fn_without_body.rs,6,1.0,13.0
rust-clippy,Rust,D:\clones\rust-clippy\tests\ui\println_empty_string.rs,4,1.0,13.0
rust-clippy,Rust,D:\clones\rust-clippy\tests\ui\short_circuit_statement.rs,4,1.0,13.0
rust-clippy,Rust,D:\clones\rust-clippy\tests\ui\single_component_path_imports_nested_first.rs,3,0.0,13.0
rust-clippy,Rust,D:\clones\rust-clippy\tests\ui\unwrap.rs,3,0.0,13.0
rust-clippy,Rust,D:\clones\rust-clippy\tests\ui\zero_div_zero.rs,0,0.0,13.0
rust-clippy,Rust,D:\clones\rust-clippy\tests\ui-cargo\duplicate_mod\fail\src\main.rs,4,0.0,12.0
rust-clippy,TOML,D:\clones\rust-clippy\tests\ui-cargo\multiple_crate_versions\5041_allow_dev_build\Cargo.toml,4,3.0,12.0
rust-clippy,Rust,D:\clones\rust-clippy\tests\ui-internal\invalid_paths.rs,8,7.0,12.0
rust-clippy,Rust,D:\clones\rust-clippy\tests\ui-toml\toml_trivially_copy\test.rs,6,2.0,12.0
rust-clippy,Rust,D:\clones\rust-clippy\tests\ui-toml\vec_box_sized\test.rs,3,0.0,12.0
rust-clippy,Rust,D:\clones\rust-clippy\tests\ui\author\issue_3849.rs,2,0.0,12.0
rust-clippy,Rust,D:\clones\rust-clippy\tests\ui\author\matches.rs,1,0.0,12.0
rust-clippy,Rust,D:\clones\rust-clippy\tests\ui\auxiliary\proc_macro_unsafe.rs,4,2.0,12.0
rust-clippy,Rust,D:\clones\rust-clippy\tests\ui\crashes\auxiliary\ice-7272-aux.rs,2,0.0,12.0
rust-clippy,Rust,D:\clones\rust-clippy\tests\ui\crashes\ice-2862.rs,3,1.0,12.0
rust-clippy,Rust,D:\clones\rust-clippy\tests\ui\crashes\ice-3747.rs,4,1.0,12.0
rust-clippy,Rust,D:\clones\rust-clippy\tests\ui\crashes\ice-4545.rs,2,0.0,12.0
rust-clippy,Rust,D:\clones\rust-clippy\tests\ui\crashes\ice-6792.rs,6,2.0,12.0
rust-clippy,Rust,D:\clones\rust-clippy\tests\ui\crashes\ice_exacte_size.rs,6,1.0,12.0
rust-clippy,Rust,D:\clones\rust-clippy\tests\ui\crashes\if_same_then_else.rs,3,1.0,12.0
rust-clippy,Rust,D:\clones\rust-clippy\tests\ui\filetype_is_file.rs,5,6.0,12.0
rust-clippy,Rust,D:\clones\rust-clippy\tests\ui\for_loop_unfixable.rs,2,1.0,12.0
rust-clippy,Rust,D:\clones\rust-clippy\tests\ui\int_plus_one.rs,4,1.0,12.0
rust-clippy,Rust,D:\clones\rust-clippy\tests\ui\map_collect_result_unit.rs,3,1.0,12.0
rust-clippy,Rust,D:\clones\rust-clippy\tests\ui\min_rust_version_no_patch.rs,2,0.0,12.0
rust-clippy,Rust,D:\clones\rust-clippy\tests\ui\module_name_repetitions.rs,4,2.0,12.0
rust-clippy,Rust,D:\clones\rust-clippy\tests\ui\needless_for_each_unfixable.rs,1,1.0,12.0
rust-clippy,Rust,D:\clones\rust-clippy\tests\ui\open_options.rs,2,0.0,12.0
rust-clippy,Rust,D:\clones\rust-clippy\tests\ui\single_component_path_imports_self_after.rs,3,0.0,12.0
rust-clippy,Rust,D:\clones\rust-clippy\tests\ui\single_component_path_imports_self_before.rs,4,0.0,12.0
rust-clippy,Rust,D:\clones\rust-clippy\tests\ui\uninit.rs,8,6.0,12.0
rust-clippy,Rust,D:\clones\rust-clippy\tests\ui\writeln_empty_string.rs,5,3.0,12.0
rust-clippy,TOML,D:\clones\rust-clippy\tests\ui-cargo\cargo_common_metadata\pass\Cargo.toml,1,0.0,11.0
rust-clippy,Rust,D:\clones\rust-clippy\tests\ui-toml\nonstandard_macro_braces\auxiliary\proc_macro_derive.rs,5,2.0,11.0
rust-clippy,Rust,D:\clones\rust-clippy\tests\ui\crashes\ice-2865.rs,4,1.0,11.0
rust-clippy,Rust,D:\clones\rust-clippy\tests\ui\crashes\ice-3151.rs,3,1.0,11.0
rust-clippy,Rust,D:\clones\rust-clippy\tests\ui\crashes\ice-360.rs,1,0.0,11.0
rust-clippy,Rust,D:\clones\rust-clippy\tests\ui\crashes\ice-4579.rs,2,0.0,11.0
rust-clippy,Rust,D:\clones\rust-clippy\tests\ui\crashes\ice-5223.rs,3,1.0,11.0
rust-clippy,Rust,D:\clones\rust-clippy\tests\ui\crashes\ice-5389.rs,2,0.0,11.0
rust-clippy,Rust,D:\clones\rust-clippy\tests\ui\crashes\ice-5944.rs,3,0.0,11.0
rust-clippy,Rust,D:\clones\rust-clippy\tests\ui\crashes\ice-6250.rs,2,3.0,11.0
rust-clippy,Rust,D:\clones\rust-clippy\tests\ui\crashes\ice-6252.rs,1,2.0,11.0
rust-clippy,Rust,D:\clones\rust-clippy\tests\ui\crashes\ice-7423.rs,2,0.0,11.0
rust-clippy,Rust,D:\clones\rust-clippy\tests\ui\crashes\used_underscore_binding_macro.rs,3,2.0,11.0
rust-clippy,Rust,D:\clones\rust-clippy\tests\ui\crate_level_checks\no_std_swap.rs,3,0.0,11.0
rust-clippy,Rust,D:\clones\rust-clippy\tests\ui\entry_btree.rs,5,2.0,11.0
rust-clippy,Rust,D:\clones\rust-clippy\tests\ui\exit2.rs,2,0.0,11.0
rust-clippy,Rust,D:\clones\rust-clippy\tests\ui\flat_map_identity.rs,5,1.0,11.0
rust-clippy,Rust,D:\clones\rust-clippy\tests\ui\iter_next_slice.rs,6,7.0,11.0
rust-clippy,Rust,D:\clones\rust-clippy\tests\ui\len_zero_ranges.rs,4,2.0,11.0
rust-clippy,Rust,D:\clones\rust-clippy\tests\ui\needless_option_take.rs,3,1.0,11.0
rust-clippy,Rust,D:\clones\rust-clippy\tests\ui\redundant_closure_call_early.rs,5,4.0,11.0
rust-clippy,Rust,D:\clones\rust-clippy\tests\ui\ty_fn_sig.rs,2,1.0,11.0
rust-clippy,Rust,D:\clones\rust-clippy\tests\ui\unused_async.rs,3,0.0,11.0
rust-clippy,TOML,D:\clones\rust-clippy\.cargo\config.toml,2,1.0,10.0
rust-clippy,Rust,D:\clones\rust-clippy\clippy_lints\src\methods\chars_last_cmp.rs,2,1.0,10.0
rust-clippy,Rust,D:\clones\rust-clippy\clippy_lints\src\methods\chars_last_cmp_with_unwrap.rs,2,1.0,10.0
rust-clippy,Rust,D:\clones\rust-clippy\tests\test_utils\mod.rs,3,0.0,10.0
rust-clippy,Rust,D:\clones\rust-clippy\tests\ui-toml\large_include_file\large_include_file.rs,4,2.0,10.0
rust-clippy,TOML,D:\clones\rust-clippy\tests\ui-toml\missing_enforced_import_rename\clippy.toml,0,0.0,10.0
rust-clippy,Rust,D:\clones\rust-clippy\tests\ui\allow_attributes_without_reason.rs,2,2.0,10.0
rust-clippy,Rust,D:\clones\rust-clippy\tests\ui\cloned_instead_of_copied.rs,2,3.0,10.0
rust-clippy,Rust,D:\clones\rust-clippy\tests\ui\crashes\ice-1588.rs,2,1.0,10.0
rust-clippy,Rust,D:\clones\rust-clippy\tests\ui\crashes\ice-6254.rs,2,4.0,10.0
rust-clippy,Rust,D:\clones\rust-clippy\tests\ui\crashes\ice-6332.rs,1,0.0,10.0
rust-clippy,Rust,D:\clones\rust-clippy\tests\ui\create_dir.rs,4,3.0,10.0
rust-clippy,Rust,D:\clones\rust-clippy\tests\ui\floating_point_hypot.rs,1,3.0,10.0
rust-clippy,Rust,D:\clones\rust-clippy\tests\ui\is_digit_ascii_radix.rs,5,3.0,10.0
rust-clippy,Rust,D:\clones\rust-clippy\tests\ui\needless_parens_on_range_literals.rs,2,2.0,10.0
rust-clippy,Rust,D:\clones\rust-clippy\tests\ui\pub_use.rs,2,2.0,10.0
rust-clippy,Rust,D:\clones\rust-clippy\tests\ui\result_map_or_into_option.rs,5,4.0,10.0
rust-clippy,Rust,D:\clones\rust-clippy\tests\ui\reversed_empty_ranges_unfixable.rs,4,1.0,10.0
rust-clippy,Rust,D:\clones\rust-clippy\tests\ui\unknown_clippy_lints.rs,2,6.0,10.0
rust-clippy,Rust,D:\clones\rust-clippy\tests\ui\unnecessary_owned_empty_strings.rs,7,5.0,10.0
rust-clippy,Rust,D:\clones\rust-clippy\tests\ui\useful_asref.rs,3,0.0,10.0
rust-clippy,Rust,D:\clones\rust-clippy\tests\ui\zero_ptr.rs,3,1.0,10.0
rust-clippy,Bourne Shell,D:\clones\rust-clippy\util\etc\pre-commit.sh,3,9.0,10.0
rust-clippy,Markdown,D:\clones\rust-clippy\book\src\development\proposals\README.md,2,0.0,9.0
rust-clippy,Rust,D:\clones\rust-clippy\tests\ui\auxiliary\test_macro.rs,2,0.0,9.0
rust-clippy,Rust,D:\clones\rust-clippy\tests\ui\borrow_interior_mutable_const\auxiliary\helper.rs,5,2.0,9.0
rust-clippy,Rust,D:\clones\rust-clippy\tests\ui\crashes\associated-constant-ice.rs,3,1.0,9.0
rust-clippy,Rust,D:\clones\rust-clippy\tests\ui\crashes\ice-4121.rs,4,0.0,9.0
rust-clippy,Rust,D:\clones\rust-clippy\tests\ui\crashes\ice-4775.rs,2,0.0,9.0
rust-clippy,Rust,D:\clones\rust-clippy\tests\ui\crashes\ice-6255.rs,3,3.0,9.0
rust-clippy,Rust,D:\clones\rust-clippy\tests\ui\crashes\ice-6256.rs,3,3.0,9.0
rust-clippy,Rust,D:\clones\rust-clippy\tests\ui\crashes\ice-7126.rs,4,1.0,9.0
rust-clippy,Rust,D:\clones\rust-clippy\tests\ui\crashes\mut_mut_macro.rs,4,21.0,9.0
rust-clippy,Rust,D:\clones\rust-clippy\tests\ui\crashes\trivial_bounds.rs,2,0.0,9.0
rust-clippy,Rust,D:\clones\rust-clippy\tests\ui\err_expect.rs,4,1.0,9.0
rust-clippy,Rust,D:\clones\rust-clippy\tests\ui\map_unit_fn.rs,2,0.0,9.0
rust-clippy,Rust,D:\clones\rust-clippy\tests\ui\min_rust_version_multiple_inner_attr.rs,2,0.0,9.0
rust-clippy,Rust,D:\clones\rust-clippy\tests\ui\reversed_empty_ranges_loops_unfixable.rs,2,0.0,9.0
rust-clippy,Rust,D:\clones\rust-clippy\tests\ui\string_slice.rs,1,0.0,9.0
rust-clippy,Rust,D:\clones\rust-clippy\tests\ui\trailing_zeros.rs,1,0.0,9.0
rust-clippy,Rust,D:\clones\rust-clippy\tests\ui\transmute_32bit.rs,4,1.0,9.0
rust-clippy,Rust,D:\clones\rust-clippy\tests\ui-cargo\module_style\pass_mod\src\main.rs,2,0.0,8.0
rust-clippy,TOML,D:\clones\rust-clippy\tests\ui-cargo\multiple_crate_versions\fail\Cargo.toml,2,0.0,8.0
rust-clippy,TOML,D:\clones\rust-clippy\tests\ui-cargo\multiple_crate_versions\pass\Cargo.toml,2,0.0,8.0
rust-clippy,Rust,D:\clones\rust-clippy\tests\ui\as_underscore.rs,4,1.0,8.0
rust-clippy,Rust,D:\clones\rust-clippy\tests\ui\auxiliary\doc_unsafe_macros.rs,0,0.0,8.0
rust-clippy,Rust,D:\clones\rust-clippy\tests\ui\borrow_deref_ref_unfixable.rs,2,0.0,8.0
rust-clippy,Rust,D:\clones\rust-clippy\tests\ui\bytes_nth.rs,2,1.0,8.0
rust-clippy,Rust,D:\clones\rust-clippy\tests\ui\crashes\auxiliary\ice-4727-aux.rs,1,0.0,8.0
rust-clippy,Rust,D:\clones\rust-clippy\tests\ui\crashes\ice-1969.rs,4,1.0,8.0
rust-clippy,Rust,D:\clones\rust-clippy\tests\ui\crashes\ice-7169.rs,1,0.0,8.0
rust-clippy,Rust,D:\clones\rust-clippy\tests\ui\crashes\ice-96721.rs,2,0.0,8.0
rust-clippy,Rust,D:\clones\rust-clippy\tests\ui\crashes\single-match-else.rs,2,1.0,8.0
rust-clippy,Rust,D:\clones\rust-clippy\tests\ui\crate_level_checks\entrypoint_recursion.rs,2,2.0,8.0
rust-clippy,Rust,D:\clones\rust-clippy\tests\ui\deref_addrof_macro.rs,2,0.0,8.0
rust-clippy,Rust,D:\clones\rust-clippy\tests\ui\disallowed_script_idents.rs,2,0.0,8.0
rust-clippy,Rust,D:\clones\rust-clippy\tests\ui\doc\unbalanced_ticks.rs,6,29.0,8.0
rust-clippy,Rust,D:\clones\rust-clippy\tests\ui\doc_link_with_quotes.rs,3,1.0,8.0
rust-clippy,Rust,D:\clones\rust-clippy\tests\ui\double_neg.rs,0,0.0,8.0
rust-clippy,Rust,D:\clones\rust-clippy\tests\ui\duplicate_underscore_argument.rs,2,0.0,8.0
rust-clippy,Rust,D:\clones\rust-clippy\tests\ui\flat_map_option.rs,2,3.0,8.0
rust-clippy,Rust,D:\clones\rust-clippy\tests\ui\integer_division.rs,1,0.0,8.0
rust-clippy,Rust,D:\clones\rust-clippy\tests\ui\out_of_bounds_indexing\issue-3102.rs,2,1.0,8.0
rust-clippy,Rust,D:\clones\rust-clippy\tests\ui\types.rs,3,4.0,8.0
rust-clippy,Rust,D:\clones\rust-clippy\clippy_lints\src\lib.register_cargo.rs,1,3.0,7.0
rust-clippy,TOML,D:\clones\rust-clippy\rustfmt.toml,0,0.0,7.0
rust-clippy,Rust,D:\clones\rust-clippy\tests\ui-cargo\module_style\fail_mod\src\main.rs,2,0.0,7.0
rust-clippy,TOML,D:\clones\rust-clippy\tests\ui-cargo\wildcard_dependencies\fail\Cargo.toml,2,0.0,7.0
rust-clippy,TOML,D:\clones\rust-clippy\tests\ui-cargo\wildcard_dependencies\pass\Cargo.toml,2,0.0,7.0
rust-clippy,TOML,D:\clones\rust-clippy\tests\ui-toml\toml_disallowed_methods\clippy.toml,0,3.0,7.0
rust-clippy,Rust,D:\clones\rust-clippy\tests\ui\auxiliary\non-exhaustive-enum.rs,0,1.0,7.0
rust-clippy,Rust,D:\clones\rust-clippy\tests\ui\borrow_as_ptr.rs,2,1.0,7.0
rust-clippy,Rust,D:\clones\rust-clippy\tests\ui\char_lit_as_u8_suggestions.rs,2,1.0,7.0
rust-clippy,Rust,D:\clones\rust-clippy\tests\ui\crashes\ice-3717.rs,3,0.0,7.0
rust-clippy,Rust,D:\clones\rust-clippy\tests\ui\crashes\ice-4760.rs,2,0.0,7.0
rust-clippy,Rust,D:\clones\rust-clippy\tests\ui\crashes\ice-5497.rs,2,2.0,7.0
rust-clippy,Rust,D:\clones\rust-clippy\tests\ui\crashes\ice-6539.rs,4,5.0,7.0
rust-clippy,Rust,D:\clones\rust-clippy\tests\ui\crashes\ice-7231.rs,2,0.0,7.0
rust-clippy,Rust,D:\clones\rust-clippy\tests\ui\crashes\ice-7272.rs,4,1.0,7.0
rust-clippy,Rust,D:\clones\rust-clippy\tests\ui\exit3.rs,1,0.0,7.0
rust-clippy,Rust,D:\clones\rust-clippy\tests\ui\needless_doc_main.rs,3,130.0,7.0
rust-clippy,Rust,D:\clones\rust-clippy\tests\ui\print_stderr.rs,1,0.0,7.0
rust-clippy,Rust,D:\clones\rust-clippy\tests\ui\rc_buffer_redefined_string.rs,4,1.0,7.0
rust-clippy,Rust,D:\clones\rust-clippy\tests\ui\tabs_in_doc_comments.rs,3,12.0,7.0
rust-clippy,Rust,D:\clones\rust-clippy\tests\ui\to_digit_is_some.rs,3,1.0,7.0
rust-clippy,Rust,D:\clones\rust-clippy\tests\ui\transmute_64bit.rs,2,1.0,7.0
rust-clippy,Rust,D:\clones\rust-clippy\tests\ui\unnecessary_self_imports.rs,2,1.0,7.0
rust-clippy,Rust,D:\clones\rust-clippy\tests\ui\unused_rounding.rs,1,1.0,7.0
rust-clippy,Rust,D:\clones\rust-clippy\tests\ui\unwrap_or.rs,2,0.0,7.0
rust-clippy,Rust,D:\clones\rust-clippy\tests\ui\vec_resize_to_zero.rs,4,4.0,7.0
rust-clippy,TOML,D:\clones\rust-clippy\triagebot.toml,2,3.0,7.0
rust-clippy,Markdown,D:\clones\rust-clippy\clippy_dummy\crates-readme.md,3,0.0,6.0
rust-clippy,Rust,D:\clones\rust-clippy\clippy_utils\src\sym_helper.rs,0,1.0,6.0
rust-clippy,Rust,D:\clones\rust-clippy\tests\ui-toml\blacklisted_names_replace\blacklisted_names.rs,1,3.0,6.0
rust-clippy,TOML,D:\clones\rust-clippy\tests\ui-toml\nonstandard_macro_braces\clippy.toml,0,0.0,6.0
rust-clippy,Rust,D:\clones\rust-clippy\tests\ui-toml\struct_excessive_bools\test.rs,3,0.0,6.0
rust-clippy,Rust,D:\clones\rust-clippy\tests\ui\auxiliary\implicit_hasher_macros.rs,0,0.0,6.0
rust-clippy,Rust,D:\clones\rust-clippy\tests\ui\builtin_type_shadow.rs,2,1.0,6.0
rust-clippy,Rust,D:\clones\rust-clippy\tests\ui\crashes\ice-3741.rs,3,1.0,6.0
rust-clippy,Rust,D:\clones\rust-clippy\tests\ui\crashes\ice-5238.rs,2,1.0,6.0
rust-clippy,Rust,D:\clones\rust-clippy\tests\ui\crashes\ice-6153.rs,3,0.0,6.0
rust-clippy,Rust,D:\clones\rust-clippy\tests\ui\crashes\ice-7869.rs,1,0.0,6.0
rust-clippy,Rust,D:\clones\rust-clippy\tests\ui\crashes\ice-8681.rs,3,1.0,6.0
rust-clippy,Rust,D:\clones\rust-clippy\tests\ui\crashes\ice-8821.rs,2,0.0,6.0
rust-clippy,Rust,D:\clones\rust-clippy\tests\ui\crashes\needless_borrow_fp.rs,1,0.0,6.0
rust-clippy,Rust,D:\clones\rust-clippy\tests\ui\crashes\regressions.rs,3,2.0,6.0
rust-clippy,Rust,D:\clones\rust-clippy\tests\ui\crashes\shadow.rs,0,0.0,6.0
rust-clippy,Rust,D:\clones\rust-clippy\tests\ui\crate_level_checks\std_main_recursion.rs,0,0.0,6.0
rust-clippy,Rust,D:\clones\rust-clippy\tests\ui\filter_map_next_fixable.rs,3,1.0,6.0
rust-clippy,Rust,D:\clones\rust-clippy\tests\ui\format_push_string.rs,1,0.0,6.0
rust-clippy,Rust,D:\clones\rust-clippy\tests\ui\path_buf_push_overwrite.rs,1,1.0,6.0
rust-clippy,Rust,D:\clones\rust-clippy\tests\ui\redundant_static_lifetimes_multiple.rs,6,1.0,6.0
rust-clippy,Rust,D:\clones\rust-clippy\tests\ui\str_to_string.rs,1,0.0,6.0
rust-clippy,Rust,D:\clones\rust-clippy\tests\ui\string_to_string.rs,1,0.0,6.0
rust-clippy,TOML,D:\clones\rust-clippy\tests\workspace_test\Cargo.toml,1,0.0,6.0
rust-clippy,YAML,D:\clones\rust-clippy\.github\ISSUE_TEMPLATE\config.yml,0,0.0,5.0
rust-clippy,Markdown,D:\clones\rust-clippy\clippy_dummy\PUBLISH.md,1,0.0,5.0
rust-clippy,Rust,D:\clones\rust-clippy\clippy_lints\src\methods\chars_next_cmp.rs,2,1.0,5.0
rust-clippy,Rust,D:\clones\rust-clippy\clippy_lints\src\methods\chars_next_cmp_with_unwrap.rs,2,1.0,5.0
rust-clippy,Rust,D:\clones\rust-clippy\clippy_lints\src\utils\mod.rs,0,0.0,5.0
rust-clippy,TOML,D:\clones\rust-clippy\tests\ui-cargo\cargo_common_metadata\fail_publish\Cargo.toml,1,0.0,5.0
rust-clippy,TOML,D:\clones\rust-clippy\tests\ui-cargo\cargo_common_metadata\fail_publish_true\Cargo.toml,1,0.0,5.0
rust-clippy,TOML,D:\clones\rust-clippy\tests\ui-cargo\cargo_common_metadata\pass_publish_empty\Cargo.toml,1,0.0,5.0
rust-clippy,TOML,D:\clones\rust-clippy\tests\ui-cargo\cargo_common_metadata\pass_publish_false\Cargo.toml,1,0.0,5.0
rust-clippy,TOML,D:\clones\rust-clippy\tests\ui-cargo\duplicate_mod\fail\Cargo.toml,0,0.0,5.0
rust-clippy,TOML,D:\clones\rust-clippy\tests\ui-cargo\feature_name\pass\Cargo.toml,3,1.0,5.0
rust-clippy,Rust,D:\clones\rust-clippy\tests\ui-cargo\module_style\fail_no_mod\src\main.rs,2,0.0,5.0
rust-clippy,TOML,D:\clones\rust-clippy\tests\ui-cargo\module_style\pass_mod\Cargo.toml,2,1.0,5.0
rust-clippy,TOML,D:\clones\rust-clippy\tests\ui-cargo\module_style\pass_no_mod\Cargo.toml,2,1.0,5.0
rust-clippy,Rust,D:\clones\rust-clippy\tests\ui-cargo\module_style\pass_no_mod\src\main.rs,2,0.0,5.0
rust-clippy,TOML,D:\clones\rust-clippy\tests\ui-cargo\multiple_config_files\no_warn\Cargo.toml,2,1.0,5.0
rust-clippy,TOML,D:\clones\rust-clippy\tests\ui-cargo\multiple_config_files\warn\Cargo.toml,2,1.0,5.0
rust-clippy,Rust,D:\clones\rust-clippy\tests\ui-toml\doc_valid_idents_replace\doc_markdown.rs,4,3.0,5.0
rust-clippy,Rust,D:\clones\rust-clippy\tests\ui\author\repeat.rs,0,0.0,5.0
rust-clippy,Rust,D:\clones\rust-clippy\tests\ui\blanket_clippy_restriction_lints.rs,2,1.0,5.0
rust-clippy,Rust,D:\clones\rust-clippy\tests\ui\crashes\ice-5835.rs,1,3.0,5.0
rust-clippy,Rust,D:\clones\rust-clippy\tests\ui\crashes\ice-6139.rs,2,0.0,5.0
rust-clippy,Rust,D:\clones\rust-clippy\tests\ui\crashes\ice-700.rs,3,1.0,5.0
rust-clippy,Rust,D:\clones\rust-clippy\tests\ui\crashes\ice-7340.rs,1,0.0,5.0
rust-clippy,Rust,D:\clones\rust-clippy\tests\ui\crashes\ice-7868.rs,2,0.0,5.0
rust-clippy,Rust,D:\clones\rust-clippy\tests\ui\crashes\ice-7934.rs,2,0.0,5.0
rust-clippy,Rust,D:\clones\rust-clippy\tests\ui\crashes\ice-8250.rs,1,0.0,5.0
rust-clippy,Rust,D:\clones\rust-clippy\tests\ui\crashes\implements-trait.rs,0,0.0,5.0
rust-clippy,Rust,D:\clones\rust-clippy\tests\ui\empty_enum.rs,1,1.0,5.0
rust-clippy,Rust,D:\clones\rust-clippy\tests\ui\methods_fixable.rs,3,3.0,5.0
rust-clippy,Rust,D:\clones\rust-clippy\tests\ui\missing_const_for_fn\auxiliary\helper.rs,2,1.0,5.0
rust-clippy,Rust,D:\clones\rust-clippy\tests\ui\print_stdout_build_script.rs,2,5.0,5.0
rust-clippy,Rust,D:\clones\rust-clippy\tests\ui\redundant_closure_call_fixable.rs,2,1.0,5.0
rust-clippy,Rust,D:\clones\rust-clippy\tests\workspace_test\build.rs,1,1.0,5.0
rust-clippy,Rust,D:\clones\rust-clippy\tests\workspace_test\path_dep\src\lib.rs,1,0.0,5.0
rust-clippy,TOML,D:\clones\rust-clippy\tests\workspace_test\subcrate\Cargo.toml,1,0.0,5.0
rust-clippy,Rust,D:\clones\rust-clippy\clippy_lints\src\unit_types\utils.rs,1,0.0,4.0
rust-clippy,TOML,D:\clones\rust-clippy\lintcheck\test_sources.toml,0,0.0,4.0
rust-clippy,Rust,D:\clones\rust-clippy\tests\ui-cargo\feature_name\pass\src\main.rs,1,2.0,4.0
rust-clippy,Rust,D:\clones\rust-clippy\tests\ui-internal\custom_ice_message.rs,3,4.0,4.0
rust-clippy,TOML,D:\clones\rust-clippy\tests\ui-toml\await_holding_invalid_type\clippy.toml,0,0.0,4.0
rust-clippy,Rust,D:\clones\rust-clippy\tests\ui-toml\fn_params_excessive_bools\test.rs,2,0.0,4.0
rust-clippy,Rust,D:\clones\rust-clippy\tests\ui\author.rs,0,0.0,4.0
rust-clippy,Rust,D:\clones\rust-clippy\tests\ui\author\call.rs,0,0.0,4.0
rust-clippy,Rust,D:\clones\rust-clippy\tests\ui\char_lit_as_u8.rs,1,0.0,4.0
rust-clippy,Rust,D:\clones\rust-clippy\tests\ui\crashes\enum-glob-import-crate.rs,2,0.0,4.0
rust-clippy,Rust,D:\clones\rust-clippy\tests\ui\crashes\ice-2727.rs,2,1.0,4.0
rust-clippy,Rust,D:\clones\rust-clippy\tests\ui\crashes\ice-4727.rs,2,0.0,4.0
rust-clippy,Rust,D:\clones\rust-clippy\tests\ui\crashes\ice-5872.rs,1,0.0,4.0
rust-clippy,Rust,D:\clones\rust-clippy\tests\ui\deprecated_old.rs,1,0.0,4.0
rust-clippy,Rust,D:\clones\rust-clippy\tests\ui\empty_enum_without_never_type.rs,2,1.0,4.0
rust-clippy,Rust,D:\clones\rust-clippy\tests\ui\string_from_utf8_as_bytes.rs,1,1.0,4.0
rust-clippy,Markdown,D:\clones\rust-clippy\book\README.md,1,0.0,3.0
rust-clippy,Rust,D:\clones\rust-clippy\clippy_dummy\src\main.rs,0,0.0,3.0
rust-clippy,Rust,D:\clones\rust-clippy\tests\ui-cargo\multiple_config_files\no_warn\src\main.rs,0,0.0,3.0
rust-clippy,Rust,D:\clones\rust-clippy\tests\ui-cargo\multiple_config_files\warn\src\main.rs,1,1.0,3.0
rust-clippy,TOML,D:\clones\rust-clippy\tests\ui-toml\conf_deprecated_key\clippy.toml,1,2.0,3.0
rust-clippy,TOML,D:\clones\rust-clippy\tests\ui-toml\toml_unknown_key\clippy.toml,1,2.0,3.0
rust-clippy,Rust,D:\clones\rust-clippy\tests\ui\crashes\auxiliary\ice-7868-aux.rs,0,0.0,3.0
rust-clippy,Rust,D:\clones\rust-clippy\tests\ui\crashes\auxiliary\ice-7934-aux.rs,0,1.0,3.0
rust-clippy,Rust,D:\clones\rust-clippy\tests\ui\crashes\auxiliary\ice-8681-aux.rs,0,3.0,3.0
rust-clippy,Rust,D:\clones\rust-clippy\tests\ui\crashes\ice-3891.rs,0,0.0,3.0
rust-clippy,Rust,D:\clones\rust-clippy\tests\ui\crashes\ice-6251.rs,1,2.0,3.0
rust-clippy,Rust,D:\clones\rust-clippy\tests\ui\issue-3145.rs,0,0.0,3.0
rust-clippy,Rust,D:\clones\rust-clippy\tests\ui\min_rust_version_invalid_attr.rs,1,0.0,3.0
rust-clippy,Rust,D:\clones\rust-clippy\tests\ui\min_rust_version_outer_attr.rs,1,0.0,3.0
rust-clippy,Rust,D:\clones\rust-clippy\tests\ui\missing-doc-crate.rs,1,0.0,3.0
rust-clippy,Rust,D:\clones\rust-clippy\tests\ui\missing_inline_executable.rs,2,0.0,3.0
rust-clippy,Rust,D:\clones\rust-clippy\tests\ui\unknown_attribute.rs,0,0.0,3.0
rust-clippy,TOML,D:\clones\rust-clippy\tests\workspace_test\path_dep\Cargo.toml,0,0.0,3.0
rust-clippy,Rust,D:\clones\rust-clippy\tests\ui-cargo\cargo_common_metadata\pass_publish_false\src\main.rs,1,1.0,2.0
rust-clippy,Rust,D:\clones\rust-clippy\tests\ui-cargo\duplicate_mod\fail\src\other_module\mod.rs,0,0.0,2.0
rust-clippy,Rust,D:\clones\rust-clippy\tests\ui-cargo\module_style\fail_mod\src\bad\inner\stuff.rs,1,0.0,2.0
rust-clippy,Rust,D:\clones\rust-clippy\tests\ui-cargo\module_style\fail_mod\src\bad\mod.rs,1,0.0,2.0
rust-clippy,Rust,D:\clones\rust-clippy\tests\ui-cargo\module_style\pass_mod\src\more\mod.rs,0,0.0,2.0
rust-clippy,Rust,D:\clones\rust-clippy\tests\ui-cargo\multiple_crate_versions\pass\src\main.rs,1,1.0,2.0
rust-clippy,Rust,D:\clones\rust-clippy\tests\ui-cargo\wildcard_dependencies\pass\src\main.rs,1,1.0,2.0
rust-clippy,TOML,D:\clones\rust-clippy\tests\ui-toml\bad_toml\clippy.toml,0,0.0,2.0
rust-clippy,TOML,D:\clones\rust-clippy\tests\ui-toml\good_toml_no_false_negatives\clippy.toml,0,1.0,2.0
rust-clippy,Rust,D:\clones\rust-clippy\tests\ui-toml\invalid_min_rust_version\invalid_min_rust_version.rs,1,0.0,2.0
rust-clippy,Rust,D:\clones\rust-clippy\tests\ui-toml\zero_single_char_names\zero_single_char_names.rs,1,0.0,2.0
rust-clippy,Rust,D:\clones\rust-clippy\tests\ui\crashes\ice-5207.rs,2,1.0,2.0
rust-clippy,Rust,D:\clones\rust-clippy\tests\ui\crashes\ice-8386.rs,1,0.0,2.0
rust-clippy,TOML,D:\clones\rust-clippy\tests\ui\crashes\third-party\clippy.toml,0,1.0,2.0
rust-clippy,Rust,D:\clones\rust-clippy\tests\ui\doc\issue_1832.rs,1,6.0,2.0
rust-clippy,Rust,D:\clones\rust-clippy\tests\ui\doc\issue_902.rs,1,4.0,2.0
rust-clippy,Rust,D:\clones\rust-clippy\tests\ui\missing-doc-crate-missing.rs,1,0.0,2.0
rust-clippy,Rust,D:\clones\rust-clippy\tests\ui\renamed_builtin_attr.rs,1,1.0,2.0
rust-clippy,Bourne Shell,D:\clones\rust-clippy\tests\ui\update-all-references.sh,1,0.0,2.0
rust-clippy,Rust,D:\clones\rust-clippy\tests\workspace_test\src\main.rs,1,0.0,2.0
rust-clippy,Markdown,D:\clones\rust-clippy\clippy_lints\README.md,0,0.0,1.0
rust-clippy,TOML,D:\clones\rust-clippy\tests\ui-cargo\cargo_common_metadata\pass\clippy.toml,0,0.0,1.0
rust-clippy,Rust,D:\clones\rust-clippy\tests\ui-cargo\module_style\fail_mod\src\bad\inner.rs,0,0.0,1.0
rust-clippy,Rust,D:\clones\rust-clippy\tests\ui-cargo\module_style\fail_mod\src\bad\inner\stuff\most.rs,0,0.0,1.0
rust-clippy,Rust,D:\clones\rust-clippy\tests\ui-cargo\module_style\pass_mod\src\more\foo.rs,0,0.0,1.0
rust-clippy,Rust,D:\clones\rust-clippy\tests\ui-cargo\module_style\pass_mod\src\more\inner\mod.rs,0,0.0,1.0
rust-clippy,Rust,D:\clones\rust-clippy\tests\ui-cargo\module_style\pass_no_mod\src\good.rs,0,0.0,1.0
rust-clippy,TOML,D:\clones\rust-clippy\tests\ui-cargo\multiple_config_files\warn\clippy.toml,0,0.0,1.0
rust-clippy,Rust,D:\clones\rust-clippy\tests\ui-toml\bad_toml\conf_bad_toml.rs,1,1.0,1.0
rust-clippy,TOML,D:\clones\rust-clippy\tests\ui-toml\bad_toml_type\clippy.toml,0,0.0,1.0
rust-clippy,Rust,D:\clones\rust-clippy\tests\ui-toml\bad_toml_type\conf_bad_type.rs,1,2.0,1.0
rust-clippy,TOML,D:\clones\rust-clippy\tests\ui-toml\blacklisted_names_append\clippy.toml,0,0.0,1.0
rust-clippy,TOML,D:\clones\rust-clippy\tests\ui-toml\blacklisted_names_replace\clippy.toml,0,0.0,1.0
rust-clippy,Rust,D:\clones\rust-clippy\tests\ui-toml\conf_deprecated_key\conf_deprecated_key.rs,1,2.0,1.0
rust-clippy,TOML,D:\clones\rust-clippy\tests\ui-toml\dbg_macro\clippy.toml,0,0.0,1.0
rust-clippy,TOML,D:\clones\rust-clippy\tests\ui-toml\doc_valid_idents_append\clippy.toml,0,0.0,1.0
rust-clippy,TOML,D:\clones\rust-clippy\tests\ui-toml\doc_valid_idents_replace\clippy.toml,0,0.0,1.0
rust-clippy,TOML,D:\clones\rust-clippy\tests\ui-toml\expect_used\clippy.toml,0,0.0,1.0
rust-clippy,TOML,D:\clones\rust-clippy\tests\ui-toml\fn_params_excessive_bools\clippy.toml,0,0.0,1.0
rust-clippy,TOML,D:\clones\rust-clippy\tests\ui-toml\functions_maxlines\clippy.toml,0,0.0,1.0
rust-clippy,Rust,D:\clones\rust-clippy\tests\ui-toml\good_toml_no_false_negatives\conf_no_false_negatives.rs,1,1.0,1.0
rust-clippy,TOML,D:\clones\rust-clippy\tests\ui-toml\invalid_min_rust_version\clippy.toml,0,0.0,1.0
rust-clippy,TOML,D:\clones\rust-clippy\tests\ui-toml\large_include_file\clippy.toml,0,0.0,1.0
rust-clippy,TOML,D:\clones\rust-clippy\tests\ui-toml\lint_decimal_readability\clippy.toml,0,0.0,1.0
rust-clippy,TOML,D:\clones\rust-clippy\tests\ui-toml\max_suggested_slice_pattern_length\clippy.toml,0,0.0,1.0
rust-clippy,TOML,D:\clones\rust-clippy\tests\ui-toml\min_rust_version\clippy.toml,0,0.0,1.0
rust-clippy,TOML,D:\clones\rust-clippy\tests\ui-toml\strict_non_send_fields_in_send_ty\clippy.toml,0,0.0,1.0
rust-clippy,TOML,D:\clones\rust-clippy\tests\ui-toml\struct_excessive_bools\clippy.toml,0,0.0,1.0
rust-clippy,TOML,D:\clones\rust-clippy\tests\ui-toml\toml_blacklist\clippy.toml,0,0.0,1.0
rust-clippy,TOML,D:\clones\rust-clippy\tests\ui-toml\toml_trivially_copy\clippy.toml,0,0.0,1.0
rust-clippy,Rust,D:\clones\rust-clippy\tests\ui-toml\toml_unknown_key\conf_unknown_key.rs,1,1.0,1.0
rust-clippy,TOML,D:\clones\rust-clippy\tests\ui-toml\unwrap_used\clippy.toml,0,0.0,1.0
rust-clippy,TOML,D:\clones\rust-clippy\tests\ui-toml\upper_case_acronyms_aggressive\clippy.toml,0,0.0,1.0
rust-clippy,TOML,D:\clones\rust-clippy\tests\ui-toml\vec_box_sized\clippy.toml,0,0.0,1.0
rust-clippy,TOML,D:\clones\rust-clippy\tests\ui-toml\zero_single_char_names\clippy.toml,0,0.0,1.0
rust-clippy,Rust,D:\clones\rust-clippy\tests\ui\crashes\third-party\conf_allowlisted.rs,0,0.0,1.0
rust-clippy,TOML,D:\clones\rust-clippy\tests\clippy.toml,0,1.0,0.0
rust-clippy,Rust,D:\clones\rust-clippy\tests\workspace_test\subcrate\src\lib.rs,1,0.0,0.0
